3 0 3 6 
0 2 8 3 
0 19 19 4 
26 1 4 12 
34 30 9 3 
1 7 6 12 
4 9 43 25 
6 3 11 19 
8 5 0 15 
3 7 47 20 
7 2 10 1 
0 14 4 51 
15 11 20 4 
90 42 3 2 
11 8 7 12 
20 44 15 39 
19 2 12 7 
16 1 53 15 
2 19 7 4 
5 16 5 6 
4 6 12 2 
19 22 25 10 
19 10 2 15 
17 3 12 5 
18 22 15 19 
12 4 10 12 
10 14 4 19 
23 20 5 2 
11 9 2 12 
9 10 9 6 
10 3 13 4 
3 1 21 2 
10 4 14 13 
4 5 21 8 
9 13 10 31 
18 4 7 24 
18 9 21 10 
0 2 8 4 
8 1 1 1 
8 1 21 0 
1 13 3 18 
8 4 12 5 
3 10 1 10 
1 1 6 1 
11 18 35 26 
12 11 2 2 
2 5 30 10 
7 4 12 21 
1 10 6 2 
0 5 5 17 
14 3 5 3 
4 14 10 5 
16 1 3 12 
6 7 24 21 
7 16 27 13 
43 11 10 6 
38 7 3 7 
19 9 5 9 
17 10 4 11 
16 19 4 8 
7 0 15 4 
6 6 5 27 
38 1 20 1 
5 12 14 8 
10 4 11 12 
5 6 17 0 
13 14 16 15 
27 11 15 10 
0 13 15 8 
63 2 8 4 
0 12 11 24 
7 1 14 5 
31 8 6 7 
3 2 10 13 
21 0 23 19 
12 11 5 8 
4 12 3 11 
21 12 10 2 
10 6 1 6 
22 3 5 9 
18 24 24 31 
12 23 4 24 
36 0 26 1 
2 1 3 23 
3 21 34 8 
38 0 3 6 
0 5 5 17 
62 4 24 19 
3 18 6 10 
29 58 1 2 
31 15 0 24 
13 15 11 6 
4 13 1 13 
12 7 12 2 
32 33 14 5 
36 6 1 7 
0 1 11 41 
14 2 15 5 
16 6 7 16 
31 15 19 5 
12 4 1 0 
23 13 0 3 
19 9 8 18 
26 3 19 11 
26 8 42 3 
19 10 27 27 
6 12 25 42 
5 5 19 1 
3 10 28 19 
3 1 5 11 
20 4 4 3 
7 13 5 6 
5 4 18 6 
7 1 9 31 
11 3 21 17 
6 3 8 11 
6 3 12 19 
0 12 22 12 
22 8 13 31 
10 4 10 2 
22 5 17 22 
0 32 5 5 
47 19 44 6 
6 0 4 8 
13 10 0 13 
32 6 12 2 
3 27 2 6 
3 4 17 6 
12 14 1 37 
18 22 43 21 
12 5 10 7 
15 12 8 7 
12 2 8 5 
30 0 19 9 
20 4 8 11 
6 24 20 5 
6 22 2 12 
8 3 0 1 
17 0 23 1 
2 14 3 3 
11 14 0 8 
7 6 5 16 
10 36 28 14 
2 11 0 7 
17 16 19 16 
61 1 13 24 
5 7 21 8 
12 5 18 1 
10 0 1 15 
27 1 21 3 
9 27 23 38 
22 9 9 13 
13 1 20 15 
14 4 4 12 
3 4 2 0 
2 7 12 24 
6 30 26 4 
17 5 15 1 
7 0 0 12 
0 4 8 19 
9 2 5 0 
1 6 3 16 
20 11 23 8 
7 6 3 1 
0 2 14 11 
8 3 7 2 
10 18 28 31 
10 9 6 3 
9 15 1 2 
1 28 6 38 
9 5 6 33 
2 3 19 0 
10 6 30 27 
36 2 8 8 
2 5 20 6 
5 0 6 4 
1 11 4 31 
4 4 14 4 
27 1 1 33 
8 11 11 18 
22 7 3 4 
30 6 17 13 
2 16 25 26 
7 4 5 5 
2 23 6 10 
15 14 9 29 
6 12 15 13 
4 15 4 6 
17 13 21 11 
20 0 4 24 
1 1 33 0 
14 5 8 4 
2 21 29 9 
0 4 4 11 
15 0 22 18 
8 12 17 35 
14 15 7 1 
18 43 17 22 
27 0 1 23 
12 4 13 7 
2 14 5 19 
16 14 0 13 
19 3 3 6 
19 17 4 19 
10 2 9 3 
1 8 21 13 
1 4 14 16 
9 18 14 21 
8 12 12 3 
6 16 22 15 
3 20 5 15 
1 3 3 7 
5 3 15 18 
14 4 0 9 
8 12 0 19 
8 3 12 8 
0 3 3 11 
22 0 2 16 
10 13 16 8 
13 8 10 3 
14 1 13 0 
13 0 7 4 
8 9 3 22 
17 11 11 9 
28 1 3 10 
36 19 4 19 
18 9 4 6 
9 1 16 1 
4 1 7 5 
10 27 22 0 
15 13 9 1 
19 8 0 3 
7 16 6 14 
2 1 5 12 
21 6 1 6 
3 13 6 6 
4 4 8 20 
15 11 15 8 
2 23 3 2 
2 4 20 8 
22 0 11 28 
31 7 17 41 
10 42 6 6 
5 34 13 29 
10 2 18 12 
7 18 15 50 
11 13 6 9 
3 7 14 15 
14 16 19 3 
4 0 28 10 
7 8 0 27 
4 4 2 5 
2 17 14 1 
2 1 6 9 
9 8 3 6 
1 3 21 5 
64 17 8 20 
32 6 0 10 
21 7 10 6 
1 10 7 5 
14 6 0 13 
26 13 16 22 
15 11 1 22 
21 21 5 6 
27 0 54 100 
5 3 13 2 
0 0 0 8 
20 7 2 0 
38 5 0 7 
4 2 1 9 
20 11 0 5 
9 30 10 3 
12 20 30 19 
5 18 2 26 
8 19 10 12 
14 10 11 28 
14 0 11 1 
12 19 6 9 
6 7 3 8 
14 17 9 7 
3 0 10 0 
8 0 1 15 
23 21 11 10 
35 3 10 7 
3 0 6 13 
24 5 8 3 
28 15 16 10 
3 9 31 11 
10 0 4 2 
15 40 1 0 
13 6 0 12 
43 10 45 15 
21 1 10 6 
0 21 6 2 
0 1 16 17 
8 0 1 6 
20 3 10 23 
4 0 2 1 
12 0 11 32 
4 25 8 0 
22 26 14 43 
28 29 26 5 
16 12 6 6 
3 76 8 2 
26 4 13 19 
3 1 1 16 
16 3 19 14 
27 30 2 14 
27 17 5 10 
6 29 18 6 
26 2 21 16 
1 13 7 1 
7 1 4 21 
26 4 5 2 
16 15 0 9 
0 8 50 1 
0 17 8 38 
8 15 10 10 
15 6 4 9 
59 13 29 21 
16 20 13 12 
17 43 1 30 
16 10 16 33 
12 14 24 2 
15 19 6 0 
13 1 3 4 
0 7 4 8 
13 0 23 1 
26 1 7 2 
1 8 0 10 
12 16 33 0 
13 0 34 8 
13 10 10 13 
14 7 24 4 
24 15 4 3 
10 17 19 12 
20 12 17 2 
27 16 28 1 
11 12 9 27 
3 6 8 6 
0 0 1 11 
1 9 10 16 
2 33 4 4 
16 9 4 10 
8 25 42 0 
23 3 3 27 
11 5 10 4 
9 23 1 0 
15 0 31 25 
14 20 9 23 
55 37 5 5 
13 3 34 13 
23 29 6 9 
15 23 27 19 
6 31 22 9 
8 12 17 6 
8 16 7 18 
16 30 4 8 
0 17 12 3 
4 3 45 1 
1 8 25 9 
9 13 30 1 
5 15 18 3 
11 10 4 0 
2 6 21 27 
32 0 9 5 
25 19 31 5 
17 10 9 20 
6 5 16 46 
7 2 6 0 
30 17 1 14 
16 24 12 3 
1 1 22 27 
18 5 30 29 
3 2 21 4 
32 1 0 14 
20 25 28 8 
5 25 22 7 
5 10 1 3 
14 12 11 34 
6 0 38 1 
0 1 0 2 
15 2 6 0 
12 11 11 7 
24 18 30 22 
2 8 7 12 
28 6 6 3 
2 21 37 11 
5 0 11 0 
7 33 17 4 
1 10 22 23 
55 6 19 1 
41 7 6 27 
41 6 0 5 
4 19 8 34 
2 12 8 1 
9 0 3 0 
4 8 15 31 
4 13 10 3 
14 6 1 16 
4 8 13 11 
6 18 53 9 
18 8 3 29 
20 3 9 0 
10 10 13 4 
2 23 15 12 
10 0 13 14 
36 0 2 10 
12 52 19 0 
2 3 32 41 
42 40 18 10 
13 14 11 9 
8 7 14 24 
27 8 17 5 
3 1 9 19 
1 4 46 15 
11 18 6 9 
6 8 4 9 
21 2 14 13 
8 7 15 10 
18 8 8 8 
22 9 3 2 
3 3 4 13 
4 19 18 3 
48 1 12 20 
0 5 18 8 
13 8 15 13 
2 27 23 15 
25 22 15 2 
9 0 5 5 
22 0 39 39 
9 0 21 19 
21 3 15 6 
6 1 0 0 
2 2 8 12 
22 5 5 27 
6 1 13 31 
0 1 10 6 
2 8 25 2 
11 0 7 8 
8 0 29 2 
7 4 15 12 
11 22 3 11 
35 4 7 30 
7 8 23 41 
14 10 8 19 
8 0 3 3 
0 9 2 10 
19 2 0 4 
8 21 11 13 
2 9 3 2 
5 5 29 20 
6 0 3 20 
6 1 13 5 
7 4 1 3 
8 0 5 3 
9 3 11 11 
5 3 18 13 
20 8 0 10 
7 15 23 1 
7 6 12 6 
16 21 0 24 
7 6 6 14 
3 2 24 1 
30 2 13 0 
0 8 14 13 
21 3 9 22 
0 23 4 10 
19 17 28 3 
21 9 6 0 
0 5 2 6 
16 15 6 7 
14 8 0 7 
39 1 11 12 
12 11 18 16 
3 10 16 26 
1 0 3 14 
3 14 2 0 
5 10 8 5 
8 27 0 3 
21 10 4 31 
9 0 6 6 
3 2 8 7 
2 5 17 1 
20 25 2 4 
9 6 11 10 
19 10 8 20 
6 0 0 11 
1 20 11 1 
25 15 17 2 
7 3 12 3 
41 19 12 10 
5 4 0 20 
0 9 23 4 
0 3 7 18 
7 10 2 15 
2 10 5 10 
10 8 13 10 
4 23 7 0 
13 2 13 10 
16 1 3 14 
25 2 2 13 
2 0 46 3 
3 10 2 17 
10 3 16 0 
12 17 13 15 
0 5 10 1 
2 10 7 13 
9 8 4 3 
18 4 9 1 
13 49 3 28 
12 11 17 1 
2 13 15 11 
7 3 13 4 
4 14 2 28 
0 21 12 0 
6 9 11 9 
13 7 6 11 
9 13 7 9 
3 4 6 28 
8 3 14 5 
2 2 5 11 
3 0 19 12 
29 27 15 16 
19 10 8 17 
1 13 9 5 
25 7 15 12 
10 4 16 32 
11 2 23 4 
4 18 29 5 
23 3 1 15 
5 8 5 47 
2 3 8 9 
19 0 34 23 
6 0 9 6 
12 3 2 44 
4 9 1 8 
2 5 3 28 
1 8 26 9 
5 34 12 16 
18 10 10 6 
0 10 29 12 
0 9 5 12 
9 6 9 5 
4 9 4 19 
7 5 6 20 
22 2 22 0 
20 6 11 9 
8 2 5 2 
15 39 26 14 
6 3 1 10 
2 1 11 20 
16 20 6 7 
19 1 3 17 
12 17 6 4 
4 8 24 15 
2 0 25 14 
33 2 20 9 
6 10 1 13 
23 7 0 15 
12 13 22 3 
24 27 3 5 
11 17 10 21 
5 28 21 13 
2 8 21 20 
23 15 4 40 
7 35 7 6 
7 6 0 27 
3 16 7 0 
16 11 8 6 
1 0 16 2 
9 6 8 12 
22 3 4 20 
11 4 19 0 
30 5 7 15 
0 3 17 0 
2 7 16 0 
32 11 15 10 
2 3 4 4 
26 2 18 29 
4 20 0 14 
47 10 2 8 
29 0 4 9 
11 9 7 1 
8 7 14 4 
4 2 11 5 
23 33 2 21 
2 12 22 4 
0 0 2 28 
19 11 33 17 
9 14 14 7 
16 0 10 1 
18 5 19 12 
1 6 28 14 
20 0 17 4 
60 16 2 24 
11 13 7 18 
35 15 3 10 
8 20 19 29 
7 18 13 3 
10 18 8 17 
11 5 3 14 
0 5 1 12 
12 5 3 4 
12 3 1 19 
4 5 30 11 
3 2 1 5 
4 3 20 0 
6 0 15 0 
22 16 23 8 
17 10 9 11 
9 17 6 7 
34 0 3 2 
9 6 18 19 
25 10 2 13 
16 1 17 5 
7 33 37 6 
1 4 6 3 
6 11 43 6 
0 1 9 3 
9 4 3 14 
1 22 13 2 
12 4 8 1 
5 7 0 21 
3 29 18 11 
21 20 8 5 
5 5 3 4 
10 19 2 24 
36 1 0 1 
18 0 7 3 
3 10 15 38 
27 14 6 15 
2 2 12 8 
15 24 19 17 
22 0 5 14 
0 6 14 11 
17 15 9 2 
3 38 9 0 
6 6 6 18 
2 16 11 16 
12 6 37 19 
14 9 4 13 
7 11 32 16 
14 5 7 13 
20 6 3 24 
7 21 6 25 
6 0 4 18 
4 5 4 20 
24 13 7 26 
11 10 22 32 
0 7 1 13 
26 8 21 9 
17 0 37 2 
15 18 2 5 
0 1 12 2 
5 5 22 15 
17 10 9 8 
8 17 8 12 
3 8 20 17 
1 16 7 9 
23 6 21 7 
3 6 11 12 
13 7 14 4 
11 15 5 15 
2 16 28 8 
16 5 2 17 
13 0 16 3 
15 0 8 0 
2 12 13 5 
22 23 3 5 
16 24 11 8 
9 4 2 7 
25 15 9 7 
4 13 12 8 
12 15 5 1 
15 12 24 24 
8 22 3 7 
8 1 22 12 
4 5 12 11 
4 0 2 2 
7 0 3 10 
23 1 2 7 
5 0 27 3 
26 14 5 10 
20 10 11 6 
3 1 1 3 
8 3 7 7 
48 21 46 7 
14 70 43 6 
8 101 12 17 
5 78 70 3 
1 33 14 0 
3 19 14 7 
9 15 7 3 
5 12 11 3 
6 18 2 3 
7 23 9 8 
4 11 2 7 
1 1 3 1 
3 1 7 6 
3 2 2 8 
4 1 6 2 
10 5 3 4 
8 7 12 8 
8 6 4 8 
8 4 8 5 
943 1024 890 569 
123198 238 79 8 
135302 189 116 59 
157296 511 84 38 
153929 3001 136 85 
140878 563 588 2168 
147665 2142 2156 2155 
137386 2177 6367 1299 
66126 12806 9373 1988 
790 1565 8272 1916 
50 1193 7649 1628 
116 473 10646 1298 
27 74 10125 1037 
4 1420 5651 520 
255 1019 5288 286 
151 135 3493 42 
60 569 856 39 
113 384 108 74 
75 31 120 49 
15 215 44 84 
3 240 45 11 
0 300 24 32 
22 314 107 53 
31 132 36 8 
20 78 39 1 
6 70 3 6 
3 50 10 8 
4 31 6 2 
5 9 9 3 
12 3 6 11 
9 5 7 8 
10 12 13 4 
12 8 2 4 
11 2 11 7 
7 2 2 3 
6 4 8 4 
4 6 0 5 
4 2 9 5 
4 3 2 5 
18146 14631 2022 217 
108999 104 9 1 
129963 35 35 2 
141412 710 43 6 
139681 945 172 65 
136220 686 1300 1298 
138169 1346 4652 2120 
132012 1257 4613 2826 
15788 16248 1760 1511 
2120 2223 12229 2406 
1 2666 8559 1929 
119 740 11123 1696 
81 340 9862 980 
98 521 10406 140 
29 459 4642 351 
39 325 3766 249 
111 53 710 243 
23 309 108 45 
48 304 12 16 
30 594 13 5 
4 350 34 9 
13 246 15 38 
32 158 8 1 
5 54 23 12 
12 9 4 14 
12 11 9 9 
7 2 1 2 
11 1 4 9 
4 1 9 3 
2 10 0 1 
1 10 12 4 
4 15 2 7 
6 7 20 4 
9 2 3 5 
2 6 4 4 
2 4 9 4 
3 3 3 6 
5 2 6 7 
5 2 2 4 
61869 13901 1913 156 
93274 311 162 62 
111401 277 20 7 
115951 450 27 1 
116367 1609 75 109 
117565 1644 3082 2113 
121054 426 80 2308 
122243 651 850 2295 
314 4999 364 3535 
2374 35 2922 2112 
521 890 2509 2001 
958 142 1968 2317 
249 719 1767 702 
53 1147 2156 191 
151 237 1346 44 
115 849 1414 34 
80 635 215 13 
4 536 173 51 
4 347 41 54 
2 150 140 23 
0 89 54 0 
0 29 106 18 
2 43 65 2 
6 72 1 22 
4 80 14 8 
4 84 8 3 
13 49 3 7 
18 19 3 9 
19 20 11 7 
3 4 4 7 
3 13 6 2 
5 6 5 7 
5 8 7 5 
3 4 7 4 
2 1 5 6 
3 2 1 5 
6 3 4 5 
4 3 3 3 
3 2 6 5 
107455 1027 485 193 
80005 584 11 24 
83582 901 39 18 
83692 637 41 37 
85943 288 32 365 
89307 1053 1685 1530 
91260 903 7 1575 
73443 3930 4211 1235 
2422 1428 644 1258 
1032 126 2734 1514 
212 127 4384 963 
349 1056 4922 1377 
84 2467 6116 402 
43 652 5744 39 
54 440 5883 68 
176 501 6508 13 
71 924 989 82 
91 291 599 28 
26 62 112 14 
87 147 122 15 
98 149 130 18 
32 278 24 1 
36 146 72 17 
28 49 10 15 
25 45 32 7 
2 40 19 7 
5 15 2 2 
5 6 7 12 
8 5 1 12 
6 0 19 2 
5 5 6 2 
3 10 6 8 
4 3 11 8 
3 3 3 5 
4 3 6 5 
5 3 5 5 
6 3 5 6 
7 1 5 5 
3456 3309 1994 683 
104993 234 120 53 
76219 157 22 31 
76682 488 6 1 
75751 413 0 12 
71263 2866 1074 691 
74893 2466 544 1840 
78316 276 422 1509 
13129 28128 134 1900 
3905 35 3818 1724 
124 22 1978 1302 
207 78 1157 1264 
225 779 1902 647 
215 394 913 126 
89 499 109 15 
17 191 590 21 
36 309 162 230 
38 73 1765 53 
43 69 1245 58 
5 20 251 12 
2 64 488 16 
6 39 210 36 
4 28 93 45 
5 3 18 7 
17 33 4 1 
10 33 11 5 
3 52 11 8 
0 19 3 5 
2 0 7 1 
3 0 5 8 
6 9 4 6 
10 2 3 9 
8 3 7 5 
7 1 5 5 
4 1 4 5 
4 5 3 5 
5 5 4 6 
5 2 3 8 
2 2 4 3 
31782 21602 474 741 
110193 173 9 2 
78566 777 78 38 
79049 794 134 56 
80558 665 17 97 
81174 784 853 1421 
72452 82 803 971 
74199 706 28 945 
2035 7899 4997 218 
2154 22 3235 820 
302 2 3265 859 
12 671 1563 812 
0 812 2579 226 
54 843 4125 212 
81 411 182 60 
133 103 1117 19 
42 103 755 219 
21 304 1316 29 
6 202 757 34 
18 76 296 77 
12 58 364 25 
10 34 160 48 
4 28 55 19 
13 12 10 1 
15 24 17 20 
13 13 1 7 
3 33 4 1 
10 7 4 3 
11 0 7 2 
3 1 5 9 
6 6 7 5 
6 2 3 3 
8 4 4 4 
3 4 5 5 
2 1 5 4 
6 7 4 5 
6 4 6 5 
6 3 4 6 
3 6 8 7 
91398 8085 3279 854 
98758 93 150 36 
86402 179 58 35 
86410 516 86 33 
80173 440 171 91 
81790 470 1172 964 
78199 83 30 644 
76906 601 354 1032 
7637 355 317 1361 
1336 1336 158 768 
464 273 129 995 
287 162 58 1142 
140 1056 30 537 
182 662 779 429 
24 238 486 57 
58 151 89 28 
131 49 481 32 
12 389 951 57 
10 159 419 32 
12 57 280 22 
5 18 238 35 
0 20 148 1 
0 11 53 19 
13 17 27 15 
18 30 8 0 
8 15 15 11 
1 9 1 16 
3 0 13 7 
4 4 4 2 
4 12 3 8 
5 4 11 8 
3 3 5 2 
5 2 3 5 
4 1 7 5 
6 5 4 7 
4 5 6 5 
5 2 5 3 
5 5 5 6 
22 13 21 19 
126862 445 166 72 
93016 751 5 12 
85119 624 23 23 
84973 86 17 17 
79876 153 362 514 
75353 899 1562 2332 
82296 843 12 1369 
45206 13038 5254 4093 
4581 44 750 1347 
317 306 819 1548 
62 327 824 1826 
44 734 1254 1339 
105 2256 2611 586 
81 1073 527 211 
208 269 937 35 
53 560 512 146 
18 316 622 109 
35 187 724 9 
13 50 138 1 
32 48 338 8 
34 71 132 26 
10 36 83 26 
4 4 16 8 
11 9 36 0 
9 18 9 9 
3 22 14 12 
3 27 1 8 
1 4 9 4 
10 8 4 1 
11 8 18 6 
15 0 0 11 
9 5 13 9 
9 6 1 5 
7 1 9 5 
5 5 4 6 
9 2 5 7 
5 6 6 6 
5 4 6 5 
7984 8094 3945 821 
116539 308 97 31 
80866 339 300 101 
84784 1062 35 30 
81737 151 52 45 
81950 301 766 1664 
81830 352 622 1114 
82473 906 474 859 
11574 21011 387 1313 
1814 182 604 1650 
32 286 308 1403 
105 673 1329 2214 
62 1209 778 1348 
136 2754 3599 58 
42 1494 1921 94 
53 439 2626 114 
89 975 1847 81 
120 199 1108 2 
31 164 461 45 
12 13 93 1 
30 14 75 6 
24 25 67 9 
19 46 2 11 
23 39 18 11 
19 39 7 2 
7 10 31 3 
9 5 1 10 
7 5 4 10 
11 0 12 0 
7 3 1 5 
4 11 13 8 
6 9 3 2 
7 3 7 4 
6 1 6 4 
2 3 2 3 
2 0 5 2 
5 6 9 8 
6 6 5 8 
9 4 9 8 
42614 21546 80 477 
99204 249 67 38 
78923 11 53 13 
80602 485 40 8 
78724 126 18 215 
76510 244 934 1283 
80230 0 63 927 
84479 326 1014 829 
1489 13185 5864 164 
624 1560 1424 1292 
133 108 1944 1157 
14 378 3606 2159 
47 1911 3952 607 
4 1648 10508 54 
14 594 4346 99 
49 591 6989 130 
6 1161 2506 49 
5 305 1355 4 
20 84 330 33 
3 24 44 12 
0 0 57 19 
5 11 15 10 
12 27 18 4 
11 53 3 9 
3 38 38 10 
9 22 1 2 
2 11 7 2 
1 6 6 5 
0 8 8 11 
10 9 14 2 
6 6 9 6 
10 3 13 5 
9 4 5 4 
7 3 7 5 
7 3 6 4 
6 2 5 3 
4 1 5 4 
3 2 6 4 
4 2 4 4 
99743 5162 1941 685 
86494 274 101 23 
78763 676 49 25 
78027 78 57 27 
76077 67 107 484 
77551 46 1643 1390 
80271 57 203 1029 
82954 357 353 2650 
3546 355 1776 2199 
74 44 2430 1176 
80 29 3008 1405 
254 436 3034 1589 
25 529 1869 619 
6 399 5661 65 
70 432 2092 8 
30 967 3241 12 
4 432 621 13 
40 406 826 18 
5 162 228 47 
17 74 117 50 
3 2 44 17 
1 15 31 0 
0 10 17 1 
4 35 10 7 
9 58 9 2 
6 40 7 4 
4 29 13 7 
2 9 5 5 
10 5 15 3 
10 1 4 6 
6 1 13 7 
3 2 6 4 
4 5 4 7 
4 2 5 5 
4 2 3 2 
4 1 5 4 
4 1 5 4 
3 2 3 3 
60 61 40 40 
128022 486 171 52 
90105 308 66 11 
90778 554 3 5 
87439 353 99 17 
90237 1337 699 896 
91059 134 749 2222 
93618 705 69 2538 
43951 12555 4276 4789 
2933 1972 3539 1643 
206 769 3908 1864 
21 351 6036 1216 
177 1541 5679 1423 
68 350 11248 56 
257 1175 9881 132 
333 1110 5267 76 
2 1743 5864 36 
4 881 794 18 
61 367 614 15 
11 171 109 32 
11 49 154 39 
12 48 107 0 
16 109 10 5 
18 58 9 18 
1 30 17 15 
6 54 32 3 
1 42 5 7 
7 22 13 5 
3 6 0 3 
2 2 13 4 
3 2 0 6 
7 3 10 4 
3 3 9 7 
8 2 6 3 
7 6 9 4 
7 6 8 6 
7 8 3 5 
8 2 8 6 
5 3 6 5 
16769 15190 4311 203 
121307 436 75 62 
95987 489 51 22 
95891 398 7 1 
93976 664 57 35 
93225 637 799 1843 
90913 614 1865 826 
100215 1910 528 1571 
6514 25436 289 247 
1995 2145 4577 1738 
36 28 3984 1551 
5 385 4474 1669 
55 658 3342 981 
75 1080 9269 1 
128 504 4077 41 
34 1166 3956 16 
23 2929 1834 109 
5 805 524 40 
2 434 341 27 
20 364 56 37 
24 39 207 37 
9 29 21 7 
11 62 24 4 
14 43 2 7 
9 58 0 16 
6 50 18 9 
12 45 0 9 
7 23 28 4 
11 9 0 3 
10 1 23 10 
4 5 0 9 
2 8 17 5 
3 8 1 1 
4 7 13 6 
9 0 1 8 
9 2 7 5 
8 4 3 5 
9 9 7 6 
6 5 4 6 
69538 25748 1936 153 
116400 126 125 56 
105319 110 73 43 
101824 1234 233 71 
104135 2793 110 68 
112053 460 1102 1284 
106849 1032 3124 735 
106805 3910 3613 1539 
3142 11929 9721 7565 
688 3386 8217 1153 
131 294 7762 1488 
406 1646 5701 2119 
167 1424 6668 570 
158 519 12839 23 
142 922 5044 54 
57 1283 4592 11 
9 2742 732 21 
43 632 429 38 
9 508 270 4 
50 138 157 14 
88 23 96 30 
78 76 67 21 
85 137 6 4 
44 140 20 0 
14 120 13 18 
4 55 4 8 
19 13 3 1 
16 13 19 6 
15 8 0 9 
5 11 13 3 
3 4 10 2 
2 2 6 7 
4 2 12 9 
2 10 11 4 
3 5 1 5 
9 3 12 7 
10 5 3 6 
7 4 9 6 
9 3 4 6 
143462 2735 867 290 
105742 503 47 4 
98489 921 17 4 
104675 935 25 14 
110527 760 90 464 
108319 1608 3660 2450 
112007 1822 6122 1858 
105083 2938 9826 2509 
1684 114 8147 2229 
522 107 11589 2520 
347 1115 9452 2083 
307 2191 7701 2130 
11 433 10469 1272 
264 438 5335 19 
98 1935 2370 87 
1 1151 1616 53 
15 1080 192 10 
34 761 317 24 
67 222 97 18 
36 82 58 3 
2 59 160 4 
3 140 52 21 
43 161 58 29 
35 72 1 20 
12 52 12 1 
9 60 0 4 
2 47 19 7 
0 26 7 3 
0 6 24 5 
0 0 0 8 
3 2 17 11 
6 4 6 3 
5 7 6 4 
8 10 9 7 
5 3 2 5 
5 0 7 3 
3 1 1 4 
4 2 5 3 
1369 1331 1041 589 
137612 315 302 81 
102387 238 62 36 
99455 380 5 2 
100566 835 17 20 
107699 1014 374 339 
102241 103 3456 838 
111119 933 8153 1695 
35315 21612 33785 798 
1718 240 8511 1666 
6 573 10890 2682 
105 1424 8882 2737 
151 1495 8352 1609 
27 816 8434 340 
173 743 3085 327 
16 2342 1931 12 
10 1739 980 28 
29 647 352 0 
7 600 289 4 
12 427 77 35 
23 196 118 82 
95 95 103 21 
58 161 15 22 
48 176 20 24 
11 142 36 5 
9 89 5 16 
5 34 19 4 
6 8 0 2 
15 23 0 2 
11 6 27 6 
6 0 0 11 
4 3 9 4 
1 2 4 2 
2 5 6 4 
4 9 7 7 
2 0 6 6 
4 1 1 4 
5 3 5 4 
4 4 3 4 
29018 25260 3145 484 
131478 409 40 40 
101011 602 115 57 
98852 573 2 0 
105812 95 123 54 
110321 258 1521 2024 
110690 1110 4832 1371 
108782 472 11497 2611 
6066 29562 29035 2620 
967 180 12858 1767 
201 1420 11184 2261 
446 1528 11063 2879 
163 711 10835 1508 
184 1003 6676 22 
46 975 3853 174 
92 1606 1741 0 
22 2045 702 37 
5 829 297 10 
29 485 248 27 
42 254 223 45 
4 144 63 5 
7 138 68 20 
29 210 52 21 
9 257 45 26 
20 66 2 17 
9 46 1 4 
3 26 10 7 
0 24 15 7 
0 14 14 2 
1 2 4 6 
7 3 8 11 
1 6 1 5 
2 3 12 10 
3 1 0 4 
3 2 9 4 
6 4 3 4 
5 2 4 4 
5 4 4 2 
6 2 7 3 
95541 19222 4145 589 
120204 60 82 72 
106409 75 74 34 
106536 597 10 30 
105819 111 38 299 
106662 250 1434 1727 
102076 528 7478 1068 
108488 1050 11689 1514 
5063 1022 17218 5480 
118 19 12475 1356 
6 2930 12256 1376 
60 1967 13077 1699 
152 1163 10510 543 
77 991 8444 19 
222 1286 4681 2 
54 1284 2297 20 
41 1506 484 25 
45 656 204 22 
124 380 351 4 
144 159 117 63 
107 150 113 33 
83 264 75 7 
17 165 2 16 
1 67 12 2 
1 50 13 10 
8 19 7 9 
7 17 22 9 
8 9 0 2 
14 8 29 2 
5 6 26 6 
7 5 5 3 
11 5 14 7 
10 1 8 9 
12 0 5 5 
6 1 7 2 
3 3 3 5 
4 1 2 3 
4 1 6 7 
3 1 2 2 
157559 1414 547 218 
112174 668 43 43 
104295 837 67 34 
106550 58 80 54 
101330 585 33 334 
103888 232 2718 1687 
105042 274 7393 1767 
80664 5071 7769 5888 
1967 292 14599 1139 
138 196 17041 2043 
35 1510 18257 1545 
148 1117 22747 1124 
61 1634 19673 370 
33 186 11404 177 
38 1324 6478 62 
8 1127 3408 10 
101 831 562 8 
166 327 728 8 
152 444 425 20 
89 282 58 18 
79 168 131 26 
93 129 20 31 
82 105 19 38 
39 64 2 7 
26 53 9 3 
7 3 3 4 
2 0 6 3 
8 0 4 2 
12 2 22 10 
12 3 3 8 
6 7 13 3 
4 1 7 4 
8 6 9 3 
6 3 3 5 
4 2 6 6 
3 2 3 3 
4 2 3 5 
3 4 4 4 
6077 5966 3588 1226 
138301 287 76 13 
100283 51 151 41 
107588 828 15 15 
107771 1376 128 100 
113374 376 790 795 
104486 824 4696 607 
110608 2405 6433 1593 
18230 24879 19039 11 
2558 1478 19965 1275 
29 425 17134 1583 
95 1624 24663 2173 
179 1269 23961 1250 
213 674 21104 49 
53 292 13404 297 
1 1367 7391 60 
4 1573 3302 229 
97 429 1072 8 
86 358 766 7 
192 126 148 20 
225 178 306 13 
113 165 88 3 
70 159 86 0 
44 154 2 21 
14 63 40 25 
19 14 10 5 
23 3 4 4 
13 0 4 2 
4 3 1 4 
2 1 15 9 
6 4 2 7 
3 3 12 7 
7 12 3 3 
6 11 11 6 
7 8 5 8 
6 3 9 7 
6 1 5 2 
6 3 5 4 
5 3 4 4 
49907 31088 140 1010 
133291 401 130 51 
112565 50 24 25 
106991 569 127 39 
107258 2863 71 50 
109710 2155 1103 1657 
113148 1315 3361 995 
111978 2931 5173 1859 
4057 21965 31901 8129 
944 4139 15494 1423 
38 1890 15238 1345 
240 2026 18736 2374 
240 1421 17683 1024 
165 446 19373 9 
146 697 8797 115 
71 838 7303 77 
181 2386 1685 12 
5 542 514 75 
16 195 450 43 
30 70 164 18 
65 185 71 22 
38 146 176 12 
62 174 10 6 
23 38 34 0 
5 15 11 10 
2 13 11 8 
0 8 7 7 
8 3 4 7 
7 1 18 9 
1 1 10 1 
5 7 11 4 
9 12 7 8 
8 6 12 9 
8 5 3 4 
9 9 5 4 
10 7 6 6 
7 4 6 5 
6 0 3 4 
6 1 7 6 
129104 9851 3664 1126 
125981 294 178 61 
114046 773 19 6 
116800 497 6 5 
116122 1178 14 260 
112059 1586 2330 1868 
116172 3090 1269 1197 
124023 1848 4239 1032 
3918 31 5651 1545 
336 1118 9040 1300 
29 542 9942 1026 
319 2515 11057 1781 
267 1300 10386 840 
278 403 15424 1 
118 984 6828 46 
29 667 8211 109 
23 1047 668 53 
11 326 584 99 
21 217 250 24 
64 21 71 18 
9 21 155 3 
5 35 42 15 
10 71 30 10 
2 41 8 6 
0 78 13 7 
0 32 6 9 
5 20 7 3 
7 2 16 5 
13 2 3 3 
10 2 18 2 
4 3 3 5 
5 13 11 9 
6 4 1 9 
6 0 16 5 
7 4 6 5 
7 7 2 6 
8 6 7 4 
7 2 3 6 
14 14 19 19 
168418 763 438 109 
128871 803 123 63 
125132 650 48 8 
122899 131 12 3 
123827 28 333 1060 
123859 86 1312 1811 
130654 488 1587 1292 
72219 11240 9557 2423 
1908 649 2570 1913 
136 559 1410 1276 
91 168 3106 1321 
91 644 3307 1569 
12 1290 3288 83 
11 333 2317 47 
99 10 1012 52 
68 87 1402 99 
7 235 474 141 
4 58 409 77 
19 74 66 30 
36 34 63 4 
9 11 127 8 
10 28 73 7 
8 26 15 16 
6 46 10 9 
5 34 1 0 
7 27 5 1 
13 28 10 6 
20 18 1 4 
2 0 1 5 
8 2 6 4 
11 4 1 3 
11 5 7 6 
10 3 1 3 
8 2 11 4 
4 2 2 3 
15 3 5 8 
6 3 3 4 
4 2 4 2 
14389 14873 6561 911 
150237 559 83 45 
140400 392 214 90 
147640 1099 115 52 
145064 1154 41 40 
147607 2369 196 925 
147699 1841 1648 1063 
145599 1808 7720 731 
23254 28321 9257 392 
1621 759 5822 1957 
191 168 4858 2212 
79 365 5061 2126 
24 227 7412 1401 
137 382 1812 192 
13 415 371 36 
149 217 140 50 
133 75 158 30 
50 196 619 36 
62 20 491 6 
61 57 55 6 
31 0 20 6 
41 46 103 10 
41 95 44 3 
15 78 66 3 
8 129 4 1 
4 56 52 14 
9 20 0 4 
9 2 9 4 
17 1 3 4 
10 7 12 5 
12 5 1 5 
12 8 12 5 
9 7 1 3 
3 4 15 9 
1 4 8 6 
2 6 14 7 
1 2 2 9 
2 1 13 6 
2 3 4 6 
67243 31205 370 729 
151476 132 30 16 
161890 68 74 8 
157850 665 57 30 
164916 2589 317 217 
168447 2159 1173 1777 
168751 862 5254 1885 
166690 1324 6255 1937 
368 11103 11345 4076 
319 1387 4761 1059 
136 387 4500 1223 
12 155 6127 1627 
62 6 6609 202 
0 85 841 68 
15 61 165 52 
27 27 799 13 
90 115 477 34 
55 69 210 3 
18 7 353 3 
8 48 18 0 
21 3 150 10 
21 21 102 10 
25 33 123 14 
0 87 52 7 
2 120 4 9 
7 66 15 8 
3 22 1 6 
0 1 6 2 
1 4 4 5 
3 4 6 2 
2 5 9 4 
1 12 12 7 
1 2 13 5 
2 4 2 4 
3 3 14 6 
5 3 1 4 
8 3 13 7 
2 3 8 4 
2 2 4 5 
166646 4769 2855 991 
159144 708 116 26 
169339 619 41 15 
173285 160 5 11 
168542 1223 170 455 
165670 2352 1237 1156 
162473 2055 4462 682 
163588 1480 6960 2675 
1769 525 4606 1174 
94 855 4921 766 
61 610 5218 1165 
62 69 6418 1201 
85 37 4589 107 
32 348 846 169 
42 59 279 62 
39 43 207 26 
20 57 552 33 
13 71 401 37 
75 12 348 43 
2 78 6 8 
3 93 94 9 
4 106 109 11 
2 60 63 21 
6 66 5 6 
13 28 17 0 
9 29 7 0 
4 19 12 6 
4 27 0 4 
11 24 13 2 
9 9 6 9 
12 5 13 10 
13 4 3 3 
12 3 10 6 
15 6 1 4 
10 4 8 5 
7 3 7 4 
5 3 4 4 
1 3 4 6 
237 212 185 147 
163661 422 144 49 
135850 329 154 22 
139429 1049 13 11 
134663 3019 101 35 
136352 1451 13 390 
142289 501 1833 1057 
133075 1648 5378 1116 
55671 15896 1486 3146 
3959 408 4751 1310 
41 170 4791 1767 
21 235 5508 1274 
119 1234 5729 1666 
100 459 2482 429 
116 1457 295 150 
58 292 294 119 
33 26 166 42 
45 3 1211 109 
23 23 975 17 
53 170 35 41 
44 88 33 18 
54 72 41 2 
29 47 59 1 
30 5 14 9 
11 36 32 15 
6 25 21 14 
6 7 0 7 
0 0 7 1 
1 0 2 7 
7 0 7 11 
6 5 5 7 
9 5 5 3 
3 3 8 5 
1 4 3 3 
2 5 11 7 
3 3 5 9 
6 3 7 7 
5 3 4 6 
6 4 8 7 
19155 18364 5369 284 
137348 501 20 9 
130924 308 40 32 
123846 183 5 11 
123937 2057 151 8 
123237 3643 305 536 
123887 853 2579 1349 
118142 156 3610 1261 
7779 27739 4631 2405 
705 5 4015 1854 
289 314 3153 2362 
30 430 1861 2497 
165 1059 1033 1915 
278 664 104 540 
138 830 894 387 
52 130 793 291 
7 8 995 76 
16 157 1521 23 
11 63 816 29 
35 229 25 17 
6 83 37 10 
53 103 18 17 
20 74 88 25 
13 19 28 0 
4 22 48 5 
1 3 31 14 
9 7 3 7 
7 0 5 1 
9 6 4 2 
14 11 8 7 
17 5 7 11 
20 8 10 6 
9 1 7 3 
10 3 6 4 
8 6 5 6 
4 3 6 8 
3 5 5 5 
3 3 3 3 
5 3 7 6 
70048 24321 1615 82 
120744 115 117 36 
123066 837 20 5 
124934 1484 66 19 
131921 1104 1 230 
135015 1306 1423 1222 
126347 1934 4306 1034 
128781 1082 2018 1359 
943 3614 10699 441 
336 756 6465 1868 
20 202 2157 2356 
76 613 831 2750 
20 1164 756 1007 
7 508 285 376 
16 662 1285 419 
22 56 801 112 
1 32 1117 29 
8 154 1174 70 
3 22 382 51 
64 118 21 29 
72 45 1 7 
57 30 120 0 
38 6 25 12 
20 4 23 9 
2 0 16 5 
1 0 29 3 
13 9 8 8 
13 1 6 1 
14 0 8 5 
22 1 4 5 
23 1 12 5 
16 0 0 5 
15 4 9 7 
11 7 7 5 
12 5 6 6 
10 5 8 6 
10 3 5 3 
6 2 4 3 
6 4 5 6 
147699 2292 1235 439 
124911 652 38 26 
132124 231 12 6 
127911 1297 42 6 
131271 2226 0 360 
134257 1502 3178 1164 
140953 411 4470 1223 
129195 361 4948 731 
1881 32 2815 1630 
35 51 5612 1793 
196 218 2088 1998 
200 693 391 2489 
213 1823 146 560 
120 269 712 199 
113 404 1876 256 
31 4 785 226 
58 0 1647 23 
7 106 1044 45 
37 154 29 57 
14 204 21 48 
15 80 14 6 
23 32 112 2 
0 20 53 6 
1 17 5 3 
2 9 52 10 
3 8 0 7 
0 11 8 2 
0 1 1 3 
3 1 8 5 
3 4 9 4 
1 1 2 5 
0 4 9 4 
2 3 5 8 
8 2 6 5 
8 2 5 5 
8 3 7 3 
2 2 5 4 
4 2 6 5 
1522 1433 1103 618 
147301 427 229 79 
126053 173 185 48 
131422 918 32 1 
136655 1203 51 30 
142830 131 164 932 
136564 1637 1856 1513 
134991 1545 3020 1338 
47314 22671 13904 2284 
1154 855 3874 1800 
130 309 2578 1864 
18 113 1726 1742 
119 975 694 1810 
22 1560 74 742 
106 348 364 467 
80 289 861 415 
37 39 45 69 
1 23 1583 118 
4 44 757 54 
37 105 27 43 
21 111 35 3 
42 92 12 6 
18 43 92 15 
1 24 1 15 
4 60 19 8 
15 16 1 2 
17 14 5 7 
3 7 5 7 
4 13 8 15 
4 7 7 3 
3 2 7 4 
3 3 4 6 
2 1 6 9 
1 7 4 3 
4 3 8 5 
8 4 5 5 
4 6 6 5 
4 5 6 5 
4 2 6 8 
29312 25488 3627 398 
140553 368 22 6 
133984 367 3 17 
126508 136 39 14 
125893 496 1 76 
129299 480 933 694 
127565 363 662 1382 
131226 549 930 1825 
5208 20222 9446 2203 
556 726 3778 1589 
217 188 2176 2314 
411 392 1005 2715 
109 1492 519 1325 
41 391 2030 149 
57 125 297 182 
47 221 531 125 
64 829 185 0 
52 94 942 92 
87 100 331 49 
101 124 0 11 
57 56 43 2 
33 27 17 0 
6 40 76 14 
3 36 0 13 
6 18 2 17 
4 34 5 3 
19 32 10 2 
12 32 1 5 
15 12 12 10 
12 4 2 2 
11 0 14 8 
5 5 13 5 
6 4 3 6 
5 6 8 6 
6 2 2 3 
4 1 4 3 
7 3 6 5 
6 2 3 5 
6 2 4 3 
99507 19329 4244 452 
135088 150 158 100 
120061 396 54 25 
114731 533 96 20 
115757 884 4 151 
120981 249 2635 988 
120482 95 35 1190 
121033 1782 1023 1432 
4473 7235 581 1598 
397 3129 2477 1570 
2 200 1550 1640 
46 597 539 1926 
20 312 324 754 
87 315 3971 152 
122 145 1532 73 
73 284 2355 40 
105 302 487 118 
5 214 727 89 
32 47 214 109 
18 74 25 59 
39 18 75 20 
28 16 89 0 
11 38 38 8 
3 49 12 9 
8 28 9 4 
3 15 4 2 
4 1 10 8 
4 1 3 3 
14 4 18 4 
10 6 1 7 
4 4 12 5 
4 4 1 2 
5 2 6 5 
6 2 2 7 
6 3 6 2 
4 3 5 3 
7 3 3 4 
5 2 5 5 
4 1 3 4 
171689 1196 610 202 
132523 711 66 57 
120324 784 83 33 
121613 689 9 22 
117106 385 128 517 
114941 976 2399 953 
114450 2175 1044 2363 
99111 10304 5764 1297 
4186 3973 1530 1185 
57 2504 1987 1902 
7 815 979 1489 
10 1128 676 2012 
126 55 3701 135 
16 45 4377 526 
167 525 3110 115 
48 611 3434 51 
134 580 208 92 
22 291 316 105 
85 125 65 27 
96 35 0 56 
65 24 79 76 
22 129 51 26 
10 92 5 2 
8 44 11 5 
7 9 11 9 
0 37 7 9 
1 26 1 5 
8 7 13 6 
4 1 8 4 
12 0 10 6 
4 8 10 4 
2 6 12 7 
10 0 6 5 
5 4 5 5 
3 6 7 7 
2 6 4 5 
3 4 5 5 
4 2 3 3 
4947 4794 3035 1186 
161349 326 86 35 
128663 376 91 37 
121083 364 5 17 
119179 3177 174 82 
110493 1185 561 1782 
118063 625 3071 1160 
115176 1362 7354 1825 
28172 45695 2314 2552 
2361 1005 1808 1464 
244 914 1516 1588 
7 860 1588 1725 
8 731 1273 1141 
75 1807 2907 240 
55 565 4599 74 
106 358 3445 99 
355 1778 1289 92 
41 912 31 10 
25 269 18 45 
54 119 68 29 
14 38 62 33 
22 89 30 56 
24 137 26 4 
9 185 1 22 
13 103 24 37 
4 42 9 5 
8 33 8 5 
14 9 5 7 
18 0 5 3 
2 3 4 5 
4 9 7 5 
6 6 9 2 
3 4 1 3 
5 3 6 4 
8 4 4 6 
5 0 8 4 
4 3 4 4 
5 7 7 4 
5 8 5 8 
41492 31182 1502 947 
150129 309 34 2 
113390 346 114 25 
116071 1282 25 16 
116510 62 154 8 
118805 802 460 751 
110918 311 6158 1400 
116727 841 7866 1025 
10307 13841 6751 3148 
1434 406 893 688 
310 1542 1918 1020 
38 1859 1262 1221 
38 1024 2157 785 
34 2038 1060 271 
200 1261 3361 89 
153 722 2540 133 
99 1438 178 3 
54 858 44 65 
91 413 23 6 
102 298 3 8 
55 150 77 48 
39 190 26 23 
16 159 9 11 
10 97 1 47 
9 77 24 25 
11 28 7 7 
3 17 9 1 
13 21 3 3 
4 9 4 7 
0 12 8 3 
3 1 1 3 
6 0 5 5 
5 2 3 4 
8 2 3 3 
6 3 6 3 
6 0 5 5 
8 5 5 6 
6 6 9 7 
8 6 3 7 
124272 14717 5188 1206 
146075 3 79 63 
120875 709 4 5 
121142 111 71 30 
124835 51 3 357 
119349 127 3025 1560 
125118 1078 3608 1447 
122510 865 4569 879 
6172 449 1381 1714 
1375 478 1063 1368 
360 1514 1477 1555 
203 846 1094 1407 
128 670 2693 459 
265 584 99 253 
26 820 981 271 
82 942 418 89 
222 454 24 33 
37 565 109 14 
88 355 26 0 
46 208 34 71 
26 150 38 31 
53 97 71 16 
92 71 6 29 
79 39 6 35 
59 61 0 13 
14 23 21 3 
5 10 1 5 
0 7 11 5 
3 4 8 4 
6 8 5 7 
12 2 10 8 
9 2 4 4 
11 3 5 4 
9 4 8 7 
7 4 5 6 
4 7 7 4 
7 4 6 6 
6 5 4 4 
0 0 0 0 
182116 699 511 114 
142508 250 85 6 
132865 175 32 26 
134267 1904 140 73 
135582 4125 307 197 
137913 832 965 1339 
141645 915 369 1423 
99293 11244 10302 3370 
4306 3207 402 681 
219 2599 751 532 
396 1357 245 1255 
313 487 81 1220 
177 1492 543 355 
69 1006 546 285 
76 131 55 355 
105 662 650 109 
141 270 56 11 
112 86 343 15 
93 36 100 70 
44 23 17 8 
50 7 109 20 
17 18 100 2 
46 38 0 27 
46 12 26 3 
55 8 4 2 
32 6 16 7 
17 2 1 12 
6 9 9 2 
13 7 7 4 
6 6 5 3 
7 4 5 7 
8 2 5 5 
5 4 4 3 
4 5 5 5 
3 3 3 4 
5 1 2 4 
2 2 5 4 
4 2 7 5 
9419 9772 5160 1255 
162585 235 30 12 
142185 157 62 0 
141751 1407 95 30 
151979 227 88 16 
147014 653 1098 1518 
149933 840 2375 1118 
153191 1451 1665 1051 
45883 27940 4662 1946 
3365 2270 32 640 
194 514 184 617 
144 207 565 698 
172 333 322 556 
155 981 342 352 
147 952 873 438 
69 428 1255 336 
85 580 302 315 
137 163 126 24 
21 49 5 29 
43 66 111 13 
13 48 4 3 
24 3 54 12 
32 21 18 2 
47 72 41 3 
60 55 9 10 
4 10 1 9 
16 1 16 15 
20 0 0 3 
17 5 22 1 
3 4 0 9 
3 5 13 7 
4 0 0 4 
2 0 5 4 
2 3 5 4 
4 3 3 5 
9 7 8 6 
4 4 3 5 
9 6 10 7 
5 2 4 3 
53450 33481 94 867 
153927 519 175 42 
163152 524 58 43 
166917 948 136 40 
166783 707 51 199 
170039 4387 634 1027 
167955 3574 9216 185 
175834 2242 5366 473 
22685 3504 4328 777 
2169 5490 6964 82 
432 977 7088 145 
220 1040 6278 215 
478 82 4862 36 
441 273 1480 361 
39 6 822 138 
97 48 231 119 
8 364 115 25 
36 6 610 11 
25 221 26 0 
25 201 29 23 
23 26 1 24 
7 25 63 9 
0 52 7 1 
23 61 2 11 
11 22 6 2 
5 11 8 11 
1 15 6 6 
8 5 28 2 
4 8 7 5 
6 20 13 6 
2 4 8 5 
4 6 6 5 
5 11 5 3 
5 7 4 5 
6 4 3 4 
5 1 5 2 
8 2 3 4 
6 3 4 7 
5 3 8 5 
133860 9482 3305 713 
159057 454 11 14 
181814 66 47 13 
181329 479 3 2 
182698 605 79 166 
182502 356 3237 466 
194781 6 2436 480 
198738 414 4170 215 
1626 856 4683 140 
631 440 4917 366 
585 375 1411 167 
317 1 830 276 
215 124 1833 27 
161 287 2949 24 
126 106 157 81 
75 342 483 13 
80 292 253 14 
121 65 84 52 
4 218 87 29 
85 287 130 17 
51 77 25 12 
35 22 2 11 
7 22 5 23 
0 7 29 6 
2 21 22 2 
6 0 17 8 
5 21 8 1 
5 2 11 3 
5 6 2 7 
6 20 7 7 
1 25 4 2 
2 7 14 5 
3 2 0 7 
4 9 2 5 
3 6 10 7 
5 3 6 5 
5 2 5 6 
4 3 6 5 
95 82 87 76 
159724 551 385 111 
158045 101 80 2 
169257 1289 52 16 
174823 1906 56 27 
186895 2735 23 389 
188307 57 729 66 
187641 2047 1 244 
128769 4935 1229 997 
2797 2324 234 211 
744 1327 136 196 
736 961 252 194 
269 272 592 615 
793 349 1693 91 
295 40 1549 412 
210 325 834 7 
96 386 971 65 
73 146 566 87 
120 29 138 19 
89 307 164 31 
100 245 83 5 
57 93 2 44 
12 104 37 47 
1 54 23 2 
5 18 52 11 
13 2 14 3 
10 0 10 8 
3 3 4 10 
3 24 4 2 
3 22 6 4 
1 9 5 6 
2 3 11 7 
3 15 14 6 
4 7 1 6 
3 0 6 5 
3 1 4 5 
3 3 5 3 
6 2 8 7 
5 3 4 5 
12642 12414 4870 638 
152290 281 1 17 
186526 186 72 14 
184957 172 29 9 
187754 164 26 66 
187241 1251 1584 133 
194097 699 148 806 
200262 295 890 128 
54252 41087 1310 1274 
3097 329 1952 155 
333 816 1022 260 
418 287 145 277 
499 64 191 485 
573 246 1801 227 
230 101 164 85 
138 457 255 114 
97 130 953 63 
214 70 441 22 
59 64 18 76 
44 216 47 30 
29 160 33 14 
51 60 13 27 
28 81 3 5 
21 91 11 2 
22 23 26 13 
4 6 0 11 
0 11 17 3 
5 8 2 1 
6 14 1 0 
4 18 15 3 
3 4 4 8 
5 0 11 6 
4 3 0 3 
2 6 8 6 
4 7 3 5 
3 1 2 4 
3 2 4 5 
3 2 4 3 
3 3 3 4 
70137 31335 675 251 
153209 435 165 53 
173358 400 23 5 
179593 649 40 39 
182626 482 136 141 
179616 3250 1016 1257 
194116 2947 5516 551 
192948 1149 5797 437 
17202 3492 795 674 
1910 3480 5891 274 
412 1160 6141 188 
286 332 7006 179 
207 64 5359 148 
201 181 2571 126 
16 151 837 26 
15 302 410 16 
87 376 353 44 
27 6 129 7 
13 121 14 0 
4 77 62 55 
4 5 1 40 
17 19 4 20 
21 15 7 3 
45 46 9 14 
30 45 18 18 
12 30 0 8 
5 0 20 1 
3 9 0 16 
11 2 15 11 
14 0 4 4 
8 13 5 4 
6 5 2 7 
4 1 6 7 
3 0 7 5 
4 10 8 7 
3 11 3 6 
8 10 8 4 
7 2 3 5 
7 3 8 5 
171971 5663 2752 624 
165979 145 21 0 
167045 1405 22 5 
169216 2634 114 40 
181436 2858 123 237 
184172 1433 3109 1225 
188062 2839 9330 1258 
187369 4048 8996 50 
4885 2975 2803 473 
1989 523 3703 540 
420 276 5333 515 
351 526 5115 438 
39 905 5238 186 
46 343 544 149 
35 338 1513 69 
97 356 1831 19 
39 333 260 10 
66 46 73 5 
13 131 96 15 
10 21 2 5 
19 1 18 15 
1 0 1 9 
20 28 9 18 
47 31 44 1 
29 3 4 2 
17 2 24 16 
4 21 0 6 
3 3 14 0 
3 1 0 8 
5 2 0 6 
5 6 7 6 
1 10 1 3 
2 6 6 3 
7 4 6 6 
6 1 3 5 
10 0 10 5 
1 5 11 8 
3 2 4 5 
527 512 400 281 
183112 338 256 57 
172699 9 147 9 
167348 269 31 13 
170428 1005 101 34 
165386 1508 604 593 
173337 1427 4483 504 
182566 825 8322 761 
104683 28681 2244 352 
3439 1275 3233 555 
363 359 4301 504 
132 213 6195 596 
103 947 5394 471 
41 1178 1409 67 
13 610 359 21 
39 336 1675 41 
269 64 1597 81 
102 335 149 6 
60 44 106 31 
11 24 59 29 
6 12 57 15 
5 14 6 1 
2 26 21 19 
0 27 10 29 
1 10 52 11 
1 1 2 0 
0 6 14 16 
9 6 6 7 
8 0 3 0 
1 3 9 8 
3 2 4 7 
4 1 11 5 
4 8 3 4 
2 5 4 5 
2 7 3 2 
2 12 5 7 
6 6 7 7 
10 1 5 6 
6 3 8 6 
21863 19608 4452 266 
149540 714 82 73 
169055 711 32 25 
162701 934 76 20 
164174 1245 45 48 
164052 709 403 665 
164093 2188 5752 279 
169917 5015 4137 429 
42455 20066 435 170 
2569 3530 8975 165 
11 2564 8358 64 
6 1661 11108 128 
39 366 9772 240 
19 505 3803 142 
9 288 439 54 
11 79 1998 106 
32 20 601 29 
13 133 100 7 
4 3 176 12 
1 22 97 7 
3 5 24 18 
3 22 47 31 
3 37 26 19 
7 41 50 0 
25 11 37 3 
9 1 1 9 
5 3 1 10 
5 1 5 1 
4 2 1 3 
5 7 7 8 
4 6 2 3 
4 7 2 4 
5 7 4 3 
4 4 2 6 
9 4 5 2 
10 3 10 7 
6 1 4 7 
8 2 8 6 
6 4 10 6 
76001 25587 1364 153 
138788 317 167 32 
158803 973 21 20 
156798 1426 104 17 
161165 2857 131 25 
167741 1651 2270 382 
172038 1988 6883 317 
163245 5365 3118 221 
4941 16694 14356 867 
852 3245 9093 127 
102 3808 11613 140 
63 1623 13148 38 
29 858 13585 29 
33 871 4062 25 
123 427 1691 4 
195 76 2444 11 
163 188 514 56 
95 121 97 6 
33 18 155 7 
12 20 71 5 
41 7 54 18 
13 2 49 39 
6 3 10 0 
10 2 30 8 
5 3 19 9 
6 1 5 4 
6 4 13 3 
5 19 0 12 
4 12 12 9 
7 2 4 1 
6 3 4 5 
4 4 2 5 
7 0 4 4 
5 1 6 5 
6 2 5 6 
5 5 3 3 
3 4 5 3 
2 5 2 5 
3 3 4 4 
151582 4000 1348 350 
150705 322 13 0 
159804 803 4 0 
166698 557 4 3 
169656 781 21 90 
168360 3113 1243 126 
170805 3587 6239 478 
169589 6631 3392 201 
1512 572 4856 173 
1263 2426 4948 291 
0 1272 4830 120 
47 642 5431 215 
83 256 1953 22 
280 55 1536 7 
158 453 3256 89 
227 267 3413 1 
135 491 130 7 
28 316 80 2 
32 273 300 37 
0 234 175 74 
4 93 57 14 
15 53 7 12 
5 30 6 26 
5 31 41 18 
1 52 25 4 
6 6 4 5 
1 5 25 7 
2 2 15 4 
6 11 10 3 
6 8 5 4 
5 2 8 3 
1 4 6 4 
10 2 4 4 
4 2 5 7 
4 3 4 5 
3 2 5 4 
5 4 5 4 
6 6 7 7 
1690 1673 1233 689 
165378 398 74 9 
177810 56 58 41 
186909 1329 87 46 
191522 1023 158 100 
197972 1020 468 390 
190249 424 3927 223 
190912 1056 4747 573 
77454 24979 19140 580 
1438 1393 1478 884 
90 297 3165 336 
0 733 3994 531 
26 310 2511 884 
15 1004 968 697 
0 340 27 285 
33 77 623 414 
78 31 809 190 
18 209 149 103 
19 85 66 16 
36 14 164 0 
17 6 22 13 
12 7 20 22 
27 4 19 1 
28 8 1 18 
23 9 44 26 
24 18 7 11 
12 12 36 1 
12 0 0 1 
5 0 12 4 
10 10 8 7 
16 10 5 5 
7 1 1 4 
9 0 7 5 
5 2 5 4 
5 4 4 4 
3 4 3 6 
3 5 6 5 
5 3 6 5 
4 3 6 7 
36055 28274 2522 645 
165779 420 69 14 
204619 708 5 1 
205713 283 30 25 
204920 434 142 95 
196108 224 736 1086 
196921 2214 3563 586 
193121 1184 7564 181 
13592 24645 12407 250 
880 1605 1517 243 
160 1064 3103 706 
290 1174 3004 860 
276 702 3368 1242 
138 1003 1571 125 
10 510 3445 41 
4 209 4278 106 
9 188 2823 9 
20 133 697 113 
17 69 222 78 
32 112 183 58 
1 113 47 9 
2 45 7 26 
8 13 25 25 
14 7 20 3 
10 8 28 1 
8 31 26 16 
17 26 8 12 
11 4 4 7 
15 3 3 5 
14 0 5 4 
9 1 0 5 
6 11 9 4 
1 10 4 5 
4 3 6 2 
5 6 4 6 
7 8 4 2 
5 3 5 3 
5 1 3 5 
5 1 4 3 
98335 20135 3745 574 
154191 355 138 51 
175875 998 137 95 
178755 2373 230 87 
178059 2152 61 125 
178409 861 1274 365 
166411 1789 3926 485 
160531 3677 2394 352 
1458 9366 3956 832 
604 2039 3557 315 
7 1779 5462 392 
133 637 4348 263 
216 116 6443 374 
42 531 4833 110 
18 277 2410 52 
79 109 2124 161 
32 77 457 15 
5 1 130 65 
0 9 48 34 
3 5 173 55 
3 14 6 14 
7 7 40 2 
17 1 2 27 
0 17 12 15 
12 6 2 14 
31 3 9 8 
16 3 4 4 
7 3 4 1 
4 6 5 14 
4 7 3 5 
7 2 3 6 
8 10 5 4 
9 9 5 4 
7 6 4 5 
4 0 8 4 
7 1 3 4 
4 2 5 4 
4 2 5 6 
3 0 4 3 
156544 1251 372 89 
151371 877 96 99 
164343 718 59 39 
171319 1152 101 46 
162037 4625 266 27 
150172 3027 816 280 
150886 1066 5275 262 
123303 10985 6797 1895 
1702 1491 4148 48 
243 2206 4708 27 
239 949 3472 81 
86 180 3223 132 
48 83 1819 166 
115 535 799 196 
125 18 557 102 
141 23 298 83 
61 34 119 65 
35 106 128 36 
19 33 126 2 
3 46 24 15 
1 13 0 17 
1 30 15 50 
2 36 12 10 
0 22 11 2 
3 4 13 7 
3 1 2 10 
2 5 5 9 
2 2 7 0 
2 16 8 1 
2 4 4 7 
2 1 4 4 
2 2 3 4 
2 3 5 3 
4 4 2 4 
3 1 5 4 
7 2 5 6 
5 6 12 7 
6 4 5 6 
4011 4017 2722 1019 
148392 737 174 88 
153042 195 243 74 
156433 1720 85 24 
167946 2635 99 29 
161494 2471 169 757 
162326 1459 1887 611 
149614 1879 6097 50 
46051 17578 873 814 
2463 1737 4502 146 
137 585 5379 27 
325 491 4153 7 
165 544 4120 8 
5 184 2896 654 
64 522 564 449 
333 19 255 139 
79 261 393 4 
56 211 94 1 
0 143 45 24 
40 87 183 14 
47 71 37 17 
19 18 23 20 
0 35 0 59 
7 25 25 25 
6 7 2 2 
0 18 2 2 
1 14 10 0 
1 7 3 10 
3 10 10 14 
5 8 4 1 
4 0 5 3 
6 5 2 4 
2 1 1 4 
2 4 9 5 
4 3 4 5 
6 5 7 3 
7 7 11 8 
7 3 4 7 
5 3 6 4 
36385 24995 797 652 
137365 229 67 15 
159021 58 146 21 
154811 1160 16 5 
155496 3467 62 141 
159679 5442 665 28 
164408 415 5472 233 
151331 926 5996 5 
4881 22591 4740 1125 
576 1189 6950 12 
184 674 7085 96 
44 386 6780 61 
96 618 8127 102 
202 489 2289 104 
194 515 295 71 
383 84 881 6 
174 337 609 84 
102 17 324 5 
56 10 86 9 
37 26 80 48 
22 23 16 33 
7 5 8 19 
2 5 13 45 
17 1 0 13 
18 10 23 0 
22 22 3 1 
12 7 14 8 
4 1 1 11 
0 8 13 0 
0 11 2 5 
3 8 10 9 
2 1 1 3 
8 3 12 6 
8 2 2 5 
9 2 12 5 
9 1 2 6 
7 5 11 5 
7 2 4 6 
7 4 14 5 
110566 13632 3588 917 
157350 746 279 104 
176359 672 40 35 
177014 220 8 19 
171441 975 236 36 
177201 3504 1604 301 
165226 1483 9432 352 
171614 64 3113 3 
2505 279 9995 226 
102 168 12503 5 
47 1210 12022 36 
87 589 12078 92 
53 1931 11462 197 
75 1678 4497 96 
268 298 1097 55 
210 290 3225 5 
117 146 853 56 
2 0 421 8 
27 21 145 33 
5 16 165 65 
4 8 31 45 
1 7 76 7 
7 3 11 13 
0 31 16 43 
5 34 7 22 
3 24 36 5 
18 4 19 11 
9 0 1 2 
9 4 11 4 
6 5 1 8 
2 4 9 4 
0 2 0 1 
2 3 6 5 
4 2 5 3 
2 1 3 5 
4 2 5 5 
5 9 10 8 
7 7 2 7 
21 13 23 18 
168713 1198 269 79 
172425 442 140 71 
185612 1995 93 45 
189641 356 79 41 
192416 252 123 427 
194757 1750 1793 78 
180738 632 5810 30 
129807 9521 7647 995 
2701 1246 5328 222 
272 528 6760 95 
4 638 5412 6 
5 159 4718 60 
78 1716 3801 528 
45 618 1450 220 
52 3 682 145 
29 134 1731 32 
16 45 229 41 
29 16 162 1 
49 34 116 6 
12 32 89 16 
14 71 45 24 
33 124 87 21 
5 44 49 15 
8 27 16 0 
12 13 31 8 
9 3 6 13 
5 0 14 16 
6 5 1 3 
5 9 3 1 
12 8 3 7 
16 5 9 7 
12 1 5 1 
12 4 3 7 
8 5 11 7 
3 5 4 6 
3 2 7 6 
4 3 9 7 
5 3 4 7 
7897 7596 3796 857 
154270 548 41 29 
181951 95 5 6 
189526 1491 48 15 
192477 2159 110 90 
195239 2027 551 3 
196469 2716 1264 488 
191186 3146 651 87 
47939 19813 998 1821 
2338 3352 617 100 
8 1827 1370 92 
111 578 506 1 
129 484 772 5 
236 852 4007 182 
2 159 672 228 
157 89 119 43 
207 58 382 142 
78 147 134 34 
15 2 112 0 
32 41 79 32 
7 49 45 28 
53 135 60 30 
60 190 57 27 
52 72 10 5 
26 29 12 1 
24 31 15 6 
4 5 2 10 
0 0 8 14 
6 5 10 14 
4 9 5 2 
12 4 5 4 
8 1 14 14 
8 5 1 6 
3 4 19 3 
3 3 0 6 
7 5 4 4 
3 3 7 6 
2 4 6 5 
2 2 5 5 
51458 28993 49 807 
150555 168 84 27 
192871 362 74 5 
187966 565 129 48 
186878 3206 113 90 
178928 4265 1326 461 
183643 2075 347 405 
188907 2560 334 69 
6003 24108 5888 1304 
574 1468 97 10 
92 1260 70 11 
70 542 292 21 
235 136 334 100 
138 232 4679 75 
29 23 454 166 
23 69 68 102 
61 152 73 133 
64 6 48 39 
80 6 67 19 
108 79 176 29 
84 99 34 19 
83 132 83 1 
104 105 0 10 
24 14 10 18 
26 31 6 9 
7 54 24 11 
1 22 13 0 
2 21 3 2 
3 3 10 19 
3 4 7 8 
1 3 10 2 
1 8 5 5 
2 4 11 7 
8 5 5 3 
12 2 7 4 
7 2 4 7 
5 1 3 7 
4 1 5 5 
3 2 4 4 
128693 8637 3109 879 
162656 762 120 30 
184079 1617 58 37 
189305 1743 70 49 
189207 239 55 202 
188864 1474 1554 185 
181581 2691 1848 78 
178698 1901 615 181 
1500 2939 1618 179 
39 2703 2362 1 
234 1694 1397 10 
315 723 833 17 
173 568 327 108 
75 558 690 86 
226 27 240 55 
200 13 655 126 
122 25 236 79 
36 18 2 19 
36 45 8 11 
48 64 203 65 
62 131 80 9 
66 98 106 9 
7 94 59 2 
12 45 5 12 
5 34 30 6 
5 49 9 15 
8 6 3 9 
7 4 11 0 
9 0 8 10 
4 11 13 2 
1 2 1 10 
1 1 17 11 
3 1 1 3 
5 1 12 7 
8 3 4 7 
6 3 10 7 
4 1 5 5 
6 2 7 4 
124 110 104 98 
166899 955 251 59 
176376 185 186 24 
185064 354 23 9 
182309 1229 39 14 
176753 1170 193 40 
176136 378 3601 590 
176550 527 1333 235 
105253 11882 6486 1544 
1378 1480 3418 167 
453 1351 2371 25 
193 934 1556 25 
169 665 831 83 
85 1729 1431 46 
36 1123 183 216 
57 50 214 22 
181 37 303 24 
58 50 100 13 
17 4 35 14 
66 40 57 43 
28 72 174 65 
30 175 31 9 
50 144 83 29 
17 44 4 34 
7 17 38 14 
9 9 9 3 
2 24 2 16 
2 18 4 10 
2 1 5 0 
9 1 3 9 
3 1 11 14 
1 10 5 5 
1 6 12 3 
9 3 11 3 
3 4 5 7 
3 4 7 9 
4 3 6 5 
5 6 3 5 
6 3 7 5 
12616 11609 3886 338 
139316 556 105 62 
159930 468 13 5 
159941 1340 31 3 
161709 316 49 10 
159893 121 697 4 
152264 254 3398 380 
149881 409 3141 13 
27237 25123 984 470 
515 1002 8728 52 
370 785 6895 34 
289 728 6702 76 
367 886 8741 282 
184 1062 2871 98 
348 487 1556 47 
184 327 1464 162 
158 195 441 209 
218 141 124 30 
111 16 11 75 
132 7 78 21 
54 20 106 5 
44 89 22 25 
19 70 72 55 
20 8 30 2 
30 43 23 4 
12 4 11 1 
6 3 3 2 
2 2 2 6 
2 12 6 12 
2 6 11 4 
4 2 7 2 
12 5 0 4 
9 4 21 4 
6 2 1 10 
3 2 16 5 
4 2 1 4 
3 2 9 5 
2 3 3 7 
7 2 3 4 
52281 23613 373 325 
127537 267 203 96 
155309 214 86 33 
153085 203 41 26 
145562 1130 200 36 
146670 1748 1338 107 
137374 748 5654 12 
135234 242 4838 120 
216 5391 23891 2189 
10 244 15305 127 
528 324 20643 128 
392 458 20370 435 
354 128 19138 622 
119 224 9913 79 
12 171 3922 175 
29 295 4352 384 
220 373 199 34 
120 13 26 10 
42 34 67 18 
31 12 83 34 
69 2 43 24 
21 2 99 3 
4 7 16 6 
8 26 95 29 
2 13 4 1 
2 4 29 8 
18 3 16 2 
2 1 13 13 
7 18 4 1 
5 11 20 5 
2 7 2 6 
1 2 20 7 
5 2 0 4 
10 0 16 12 
2 4 9 2 
4 1 3 7 
4 3 4 6 
5 3 4 4 
7 2 5 4 
123953 3896 1260 347 
131997 546 22 5 
142864 1604 24 4 
143605 1485 77 44 
145018 1114 93 59 
141687 887 2955 440 
139792 1709 6773 171 
131931 685 7005 191 
1245 1369 15712 254 
136 625 16574 487 
323 520 19608 144 
177 369 20327 286 
419 127 16139 341 
102 431 6430 0 
21 85 4801 29 
0 51 2266 138 
45 126 30 81 
57 12 8 26 
33 132 187 5 
8 27 65 7 
22 2 115 29 
20 9 56 18 
14 32 92 0 
19 18 12 28 
10 18 35 7 
3 12 4 13 
7 7 1 8 
4 3 10 0 
5 0 0 6 
4 0 8 7 
3 8 12 6 
2 6 5 5 
7 2 0 2 
4 0 15 10 
6 4 2 7 
3 2 14 4 
2 3 5 6 
5 4 9 6 
462 452 391 229 
146696 821 210 44 
157543 396 228 56 
164684 388 46 38 
162508 934 60 28 
149728 2990 94 129 
156170 1780 2895 330 
147235 372 6078 193 
64769 22883 7319 243 
1636 27 12107 257 
724 136 10003 214 
659 727 6983 45 
649 1529 8149 150 
202 2227 6415 21 
236 441 503 113 
341 279 513 54 
265 119 342 233 
62 136 422 6 
46 40 170 57 
2 54 27 75 
7 9 84 48 
32 21 8 12 
2 15 8 9 
2 3 57 13 
0 20 14 25 
0 17 24 9 
4 9 5 6 
3 6 7 1 
5 16 6 12 
3 12 1 3 
0 8 6 9 
1 8 3 7 
1 3 11 4 
1 3 3 5 
5 0 15 7 
6 3 1 6 
4 6 2 5 
4 3 11 6 
5 1 2 5 
23932 20897 3596 370 
147844 276 43 9 
160997 382 31 10 
165660 1658 33 18 
170068 1442 61 17 
165803 199 826 143 
156425 1816 5393 337 
150927 892 4102 62 
11448 16868 1077 371 
428 743 10702 119 
233 118 9346 114 
321 625 6577 41 
147 1215 8209 93 
251 1680 2840 129 
105 462 477 177 
202 293 759 8 
192 416 372 128 
24 226 398 50 
19 114 75 42 
15 58 138 16 
14 14 21 24 
12 3 8 44 
9 28 46 43 
0 31 60 0 
15 9 24 15 
22 1 19 10 
11 1 10 12 
12 6 11 3 
7 2 1 3 
12 0 2 7 
4 1 3 5 
3 1 3 4 
1 12 10 5 
3 9 4 5 
6 5 9 6 
4 3 5 5 
4 2 11 4 
6 2 6 6 
5 5 7 6 
82846 20063 2741 243 
147002 348 181 81 
166300 366 48 8 
167760 526 23 3 
164769 2875 44 206 
155095 1943 2598 194 
155959 896 4647 167 
152829 470 3650 371 
1723 1722 8396 1558 
276 407 8735 43 
341 130 8191 3 
216 784 6062 21 
151 390 7010 220 
141 513 2810 116 
179 232 641 56 
241 191 471 200 
31 282 53 27 
19 172 214 53 
1 79 29 27 
12 58 146 18 
18 3 12 38 
17 0 16 33 
12 9 12 1 
19 31 7 3 
13 6 29 9 
9 5 3 2 
5 8 3 8 
3 1 1 7 
3 6 10 0 
5 9 4 5 
5 0 9 4 
4 0 7 5 
4 4 13 7 
5 12 4 4 
5 6 11 3 
5 1 4 5 
4 3 6 6 
7 4 4 5 
4 4 8 6 
145909 1381 622 173 
147493 884 66 76 
160280 2181 82 54 
166195 1657 68 39 
168342 526 78 50 
160286 1668 2875 419 
155040 1821 6102 227 
133782 4355 6652 1192 
2528 1714 11082 106 
478 846 12346 257 
343 58 10981 23 
240 353 10982 43 
857 116 10369 44 
298 381 3627 63 
187 94 3032 48 
290 23 741 133 
274 106 60 92 
110 22 60 59 
26 196 128 19 
64 43 28 6 
29 3 28 32 
46 1 24 7 
31 13 58 4 
20 17 15 33 
23 26 31 4 
8 5 0 15 
9 1 1 6 
12 10 9 0 
2 5 3 9 
3 0 3 7 
3 7 3 2 
7 6 2 4 
5 5 9 7 
4 8 1 1 
5 4 8 5 
5 4 6 7 
5 5 12 6 
5 3 3 4 
1433 1507 1097 600 
135479 486 100 19 
146399 130 94 31 
155960 633 22 23 
154362 2974 92 66 
164060 4518 13 34 
155048 524 4191 251 
150095 2532 5959 166 
52027 19385 12851 473 
2096 1264 17730 155 
140 514 21405 311 
185 18 20400 516 
62 134 18206 377 
222 192 10367 141 
0 104 4874 242 
37 595 2652 157 
8 11 1121 213 
172 92 30 29 
49 56 56 45 
19 68 72 3 
19 4 44 26 
33 17 2 14 
18 13 64 10 
22 4 50 10 
23 2 52 0 
3 9 27 4 
4 0 8 15 
3 8 2 2 
4 23 12 4 
5 1 1 8 
3 1 12 7 
3 5 6 2 
5 3 11 3 
5 3 2 5 
2 2 6 5 
2 1 3 3 
7 3 9 7 
6 3 3 7 
6 2 10 6 
26783 21229 1808 654 
131831 339 128 27 
152014 895 5 31 
152149 648 58 32 
149447 1027 62 0 
146370 4691 1362 248 
136609 1260 5972 29 
140183 877 6445 149 
6242 20763 15057 149 
52 796 17922 195 
797 284 18935 341 
462 54 17240 527 
328 214 16844 595 
196 381 7636 11 
118 238 2905 272 
136 729 2354 322 
2 68 156 42 
88 22 22 29 
27 71 128 26 
11 63 23 28 
32 14 111 14 
17 32 17 7 
4 29 154 5 
8 11 21 0 
4 0 35 9 
7 0 4 1 
0 9 14 6 
6 0 10 10 
9 8 4 3 
8 10 8 2 
4 14 1 2 
3 3 15 6 
4 3 2 2 
4 3 5 3 
9 0 7 8 
4 1 3 2 
11 5 10 5 
9 1 5 8 
8 2 5 7 
84004 14021 3184 691 
129113 383 195 87 
142704 379 52 52 
137779 2189 104 47 
135258 1694 21 217 
130922 1129 2412 448 
130033 944 4555 310 
123163 3130 8690 122 
1226 8282 8158 84 
44 3773 12794 653 
1414 533 13903 273 
368 488 12454 679 
192 1209 9524 473 
137 753 4688 65 
36 338 2584 182 
7 292 1508 285 
113 58 56 60 
101 10 16 6 
70 28 112 19 
19 2 82 0 
19 26 34 16 
16 0 63 11 
19 0 35 11 
22 9 36 7 
34 2 8 12 
17 4 12 9 
1 4 1 12 
8 16 14 1 
7 3 1 6 
8 1 8 6 
6 5 2 6 
4 4 11 3 
4 2 6 6 
6 1 7 6 
4 2 2 4 
3 3 6 3 
2 2 3 2 
4 2 5 4 
7 3 4 4 
134633 1009 237 21 
118853 869 13 43 
128865 925 37 6 
130124 457 23 17 
127662 1808 306 97 
129740 3084 1810 251 
125006 750 2380 159 
92703 9699 2400 1153 
1179 2136 8332 297 
1023 1495 6135 505 
703 1007 8413 328 
207 740 7869 358 
47 1729 7044 247 
27 2285 2420 123 
53 230 3399 59 
32 101 1164 171 
73 57 12 20 
144 42 5 6 
78 43 139 22 
91 8 25 24 
68 24 62 5 
62 22 33 0 
0 0 35 4 
2 12 55 0 
1 3 0 14 
3 6 15 1 
7 8 17 4 
6 10 2 10 
12 16 12 8 
7 4 11 6 
8 8 1 8 
6 2 13 5 
9 2 1 5 
7 6 6 6 
10 2 4 4 
7 3 7 4 
6 1 3 5 
4 2 5 3 
3765 3774 2254 757 
129138 300 15 23 
123273 55 144 27 
135706 1192 32 7 
136124 1598 44 4 
133731 227 951 107 
127336 1853 2619 123 
126209 2936 5528 292 
29280 14741 13060 1156 
608 3328 12705 40 
1701 1399 11019 224 
1121 844 11505 374 
547 496 11369 318 
162 1072 5532 36 
92 825 4382 93 
22 375 3267 79 
43 4 1479 43 
136 93 55 2 
83 4 73 22 
15 42 59 25 
10 13 42 21 
36 40 22 9 
8 3 121 14 
1 17 63 3 
1 2 74 6 
1 0 1 4 
4 10 7 7 
1 2 20 10 
10 16 14 5 
3 0 3 6 
3 8 12 7 
9 9 0 4 
8 4 19 7 
5 1 2 8 
8 4 9 4 
6 5 9 6 
4 1 3 4 
6 3 7 3 
7 3 3 6 
39549 23896 158 575 
136392 318 90 62 
157653 39 196 43 
150859 750 40 34 
145224 2650 80 185 
143841 1239 1289 605 
143123 149 5144 308 
134309 2349 10207 168 
3054 19485 26862 2982 
393 1423 19035 324 
963 455 21367 89 
196 246 22981 489 
373 19 23188 717 
155 237 12545 19 
21 259 4363 192 
114 339 4922 401 
28 63 312 16 
84 55 40 36 
39 37 8 23 
13 2 80 1 
5 16 33 5 
10 26 142 3 
9 1 28 13 
15 10 99 31 
1 8 29 14 
1 2 8 10 
15 0 0 8 
6 9 9 1 
8 5 1 7 
9 4 15 8 
8 8 1 3 
6 0 6 6 
9 8 12 4 
5 7 5 6 
9 1 6 6 
5 2 5 8 
4 1 5 4 
4 4 5 2 
3 4 4 3 
108673 8712 2980 736 
145677 689 144 32 
166574 548 27 18 
164817 228 1 16 
159053 763 153 74 
151405 2100 2631 442 
148992 473 6958 38 
147870 616 10796 41 
1356 1686 16112 188 
793 230 17524 141 
731 17 21127 103 
565 145 19117 88 
364 48 17284 407 
72 21 10931 119 
20 23 3597 81 
94 5 5563 82 
229 15 248 21 
76 61 118 37 
55 63 52 2 
14 6 53 20 
2 23 1 1 
2 7 27 16 
11 17 9 22 
34 3 6 1 
12 1 12 0 
7 10 0 9 
6 7 10 11 
5 2 3 3 
6 10 7 1 
11 0 8 2 
9 1 4 5 
5 3 6 3 
1 5 7 4 
2 2 3 3 
5 2 5 5 
10 1 5 6 
3 6 5 6 
5 4 8 7 
26 16 15 16 
147441 738 291 64 
148683 358 151 28 
153861 1200 22 5 
154722 342 29 10 
151151 55 38 127 
138531 1009 3658 260 
142043 622 4352 91 
93946 10211 7393 397 
2616 757 8972 176 
570 282 8638 318 
102 642 7987 81 
152 983 6013 211 
3 157 8866 315 
4 132 5006 24 
52 634 4125 8 
7 271 6244 41 
94 114 350 16 
8 161 236 10 
33 102 48 0 
8 2 48 1 
22 2 14 15 
12 26 14 12 
10 30 28 2 
5 17 0 1 
8 3 28 17 
2 10 29 0 
2 6 12 13 
2 11 4 6 
1 2 5 1 
5 2 10 4 
11 0 2 6 
7 4 6 5 
10 2 5 6 
7 2 5 4 
9 6 6 6 
9 8 5 8 
4 6 5 8 
5 2 8 7 
7954 8142 3665 663 
136213 582 89 85 
156461 111 42 28 
155571 1323 99 33 
150819 681 51 0 
148951 781 563 314 
139983 115 2868 61 
146637 1251 3076 115 
30376 18692 5031 1897 
2302 509 3644 240 
233 1357 3944 263 
142 712 2094 220 
161 1052 2612 194 
24 202 4605 44 
33 174 4067 67 
42 603 5851 133 
264 1529 3505 252 
13 7 618 63 
17 35 150 28 
33 37 30 9 
13 1 27 2 
28 12 29 0 
11 20 77 14 
16 29 4 10 
24 3 14 2 
19 0 4 1 
8 9 17 8 
6 3 10 9 
7 16 4 2 
1 8 4 5 
0 4 7 9 
4 5 4 5 
11 4 7 5 
8 4 5 4 
7 2 5 5 
6 1 2 6 
1 0 4 3 
1 1 4 3 
3 5 5 4 
44774 23460 87 474 
124534 250 109 49 
156324 528 44 9 
154766 96 77 27 
149508 911 68 274 
153513 1054 1384 462 
148227 536 2159 192 
146512 993 3814 86 
3774 19577 7883 1717 
805 889 924 263 
3 1331 401 305 
2 823 120 370 
0 507 356 435 
45 619 1991 8 
19 456 2679 179 
11 649 4642 201 
166 561 1592 217 
151 6 876 39 
17 12 112 14 
20 8 91 9 
1 7 17 23 
2 47 55 0 
1 24 59 13 
0 10 18 8 
0 0 42 6 
0 9 3 1 
4 6 25 15 
5 4 7 5 
2 0 4 8 
0 0 4 4 
3 1 3 1 
8 1 3 5 
9 2 5 5 
6 6 4 4 
13 2 12 7 
11 2 5 4 
11 3 6 6 
9 3 3 7 
6 4 8 6 
114312 5929 1980 548 
134986 756 142 44 
153726 1256 43 20 
152595 352 10 4 
151508 555 91 118 
149226 1952 1564 341 
150722 1944 211 29 
151773 2860 2381 421 
1294 1480 223 235 
84 3551 1060 108 
15 1836 881 144 
4 1057 560 226 
25 1486 473 92 
56 883 697 27 
66 520 1302 48 
58 127 2991 132 
29 5 963 47 
3 159 676 14 
0 120 127 8 
0 36 47 6 
2 22 13 28 
6 7 84 19 
6 1 47 4 
6 5 61 3 
9 20 5 14 
5 20 48 6 
4 14 1 4 
9 4 7 5 
7 2 4 4 
6 2 11 3 
1 2 2 4 
5 0 4 3 
16 0 9 3 
10 4 8 6 
15 7 4 7 
6 7 8 7 
7 5 4 6 
3 3 8 7 
57 55 41 34 
135802 611 112 28 
139075 159 58 11 
153300 789 57 29 
150132 1959 49 26 
155926 1885 211 127 
158078 796 921 40 
145343 2204 317 163 
83986 3750 7850 800 
1716 3479 739 90 
22 2116 1330 242 
156 1155 1258 151 
5 1090 1282 320 
8 1707 1186 21 
120 653 1583 82 
64 52 1676 142 
76 156 3483 348 
170 50 942 32 
7 107 640 32 
37 153 101 3 
11 28 6 20 
6 9 60 2 
0 41 114 4 
2 14 31 3 
0 9 53 14 
0 6 8 4 
3 14 34 7 
4 20 5 9 
3 26 6 4 
4 5 4 3 
7 3 2 2 
5 2 5 2 
5 4 3 4 
4 3 4 3 
1 3 3 2 
5 11 7 5 
11 2 4 6 
5 3 9 6 
6 4 8 4 
14301 13277 3759 364 
135726 473 50 22 
169357 817 19 39 
167262 449 40 23 
158600 1200 81 49 
159974 3680 535 170 
164649 1695 6 60 
163837 1021 313 120 
32238 38198 2194 16 
1208 3084 2154 57 
6 1795 2366 254 
3 1083 2462 80 
43 810 2803 96 
31 381 2643 4 
6 507 3130 13 
15 324 3464 138 
21 665 2191 362 
0 146 585 21 
7 109 407 13 
14 70 2 5 
6 14 73 8 
13 1 72 18 
6 9 53 3 
14 13 14 0 
10 2 42 11 
7 0 4 4 
2 6 33 9 
4 10 3 7 
5 15 14 5 
8 7 4 3 
10 1 8 5 
11 4 6 6 
5 2 4 4 
5 0 4 4 
2 1 4 6 
2 2 3 2 
2 2 5 5 
9 5 4 5 
8 5 7 7 
63500 22341 1152 219 
135715 303 143 96 
161213 1057 150 67 
160397 1779 35 10 
157772 1256 93 101 
158238 932 1390 158 
155254 1323 317 178 
154060 2965 1071 457 
1752 5992 2046 1820 
622 4985 1631 134 
126 1877 3082 43 
19 1184 2133 88 
74 356 4263 51 
48 561 2530 127 
103 327 2174 11 
31 58 2943 48 
116 102 1260 41 
18 88 934 2 
1 65 424 18 
1 41 50 6 
0 12 2 15 
6 4 79 5 
3 11 10 2 
9 24 26 12 
2 23 19 1 
3 7 19 5 
7 11 1 1 
9 2 13 9 
9 6 4 10 
11 7 6 7 
2 6 8 10 
5 3 11 5 
6 0 5 4 
8 1 4 5 
11 5 4 6 
9 6 7 4 
5 4 4 4 
5 2 5 4 
5 1 2 4 
137481 2546 948 243 
149735 787 49 57 
171191 112 71 39 
163656 1814 114 46 
159407 3160 168 223 
171464 3111 644 518 
171395 1034 392 175 
158786 1862 908 809 
1580 2588 1087 56 
136 2857 1512 70 
50 2333 2649 45 
97 729 2192 119 
121 824 1601 79 
63 1014 1945 51 
141 125 2171 0 
49 153 3726 47 
10 15 1310 15 
35 131 866 11 
7 105 298 11 
14 2 86 0 
16 14 33 0 
21 9 51 14 
6 9 37 13 
19 7 30 1 
21 15 16 10 
5 8 35 8 
8 1 27 6 
3 11 0 3 
9 14 13 3 
4 15 6 7 
5 9 14 7 
2 4 4 3 
0 3 8 4 
3 2 3 6 
4 1 6 4 
8 1 3 4 
8 1 3 3 
7 2 5 3 
776 847 735 498 
137502 610 91 37 
143196 152 421 136 
156876 1645 93 63 
155025 869 47 19 
152775 1069 126 189 
149660 2045 912 23 
143124 2441 136 125 
66701 8284 5507 203 
3441 3579 2334 91 
38 1787 1387 156 
123 949 1387 139 
82 526 1257 158 
34 825 2293 1 
42 365 3089 150 
42 134 3008 179 
92 92 3424 275 
0 32 586 37 
9 55 438 15 
4 32 74 7 
7 36 32 12 
2 5 14 19 
6 1 34 1 
9 38 6 10 
5 25 11 23 
10 0 9 9 
11 0 20 12 
10 13 1 8 
6 17 14 5 
6 2 4 6 
4 1 8 3 
3 0 3 5 
8 6 7 6 
4 4 6 5 
4 4 4 4 
3 3 5 5 
3 1 7 5 
2 1 2 2 
7 1 7 5 
22205 18545 2621 493 
141445 351 73 13 
179767 231 28 6 
173294 619 41 35 
169584 2253 74 177 
166681 2942 572 202 
173833 344 18 274 
171147 810 98 187 
20338 34501 4369 502 
889 2222 393 47 
195 1082 866 37 
51 556 1128 64 
140 182 991 285 
118 78 4349 30 
25 139 461 15 
73 335 2900 113 
85 366 964 14 
2 66 282 15 
13 84 68 36 
0 0 0 26 
1 34 3 9 
0 15 46 29 
0 30 0 5 
5 28 30 0 
5 27 2 17 
12 40 19 19 
11 5 16 6 
7 2 4 1 
5 6 4 1 
12 1 9 7 
13 5 4 4 
6 1 7 8 
10 2 6 4 
12 3 8 6 
11 4 9 9 
5 1 5 5 
5 4 5 5 
6 6 8 5 
7 5 3 5 
85975 17508 3053 575 
160308 551 217 83 
189453 1429 46 32 
186260 1344 9 12 
185654 671 31 86 
170332 920 1646 43 
169050 2638 158 259 
171538 2659 1552 306 
1036 1155 56 242 
38 4676 409 101 
706 1283 229 21 
439 233 511 26 
165 431 694 108 
34 110 1207 14 
69 143 1601 60 
21 98 1353 48 
14 133 560 23 
120 97 64 2 
39 40 18 37 
33 23 6 18 
25 55 13 3 
6 13 38 3 
3 30 45 15 
9 4 16 13 
16 7 29 1 
14 35 1 0 
4 4 6 3 
8 1 2 11 
6 3 4 4 
4 15 3 3 
2 3 15 8 
7 2 1 10 
7 3 8 4 
5 1 10 8 
7 2 4 7 
8 6 8 5 
8 7 8 5 
10 3 6 5 
6 4 4 6 
146850 960 372 144 
155115 871 14 39 
177282 232 69 23 
169516 1998 17 7 
163328 2705 257 144 
165220 1310 1194 85 
162638 882 762 147 
133433 1212 7284 1496 
4638 1107 871 138 
274 1416 1691 154 
826 819 1417 104 
802 558 1822 214 
186 261 3566 32 
209 503 3587 115 
102 141 1904 165 
98 145 2411 22 
13 224 246 31 
12 119 531 103 
21 62 68 53 
4 7 26 2 
0 11 49 9 
2 10 4 13 
15 17 13 14 
6 5 4 16 
2 1 10 1 
5 2 1 7 
1 0 10 4 
7 1 3 3 
0 2 19 6 
8 9 20 5 
6 2 3 5 
4 2 10 4 
5 9 8 7 
5 7 8 9 
3 0 5 3 
8 1 6 7 
3 6 4 7 
3 3 6 9 
2694 2633 1584 627 
128277 586 37 19 
136045 458 318 38 
145985 989 41 16 
146697 141 6 14 
139796 2810 324 419 
141905 4271 769 452 
139473 937 1930 53 
44737 24517 690 364 
4705 2585 756 188 
283 820 856 87 
487 373 617 209 
370 119 951 197 
173 395 1519 29 
29 313 3759 135 
120 157 4320 134 
15 7 3320 216 
24 110 583 14 
12 87 26 20 
16 33 8 29 
11 4 11 22 
50 3 7 0 
14 34 31 9 
8 74 22 21 
13 35 12 3 
10 14 10 8 
15 5 0 4 
8 0 13 3 
9 2 3 5 
11 1 17 6 
10 7 1 3 
2 4 11 10 
3 4 6 5 
4 3 8 4 
4 3 4 5 
2 3 4 6 
5 2 4 4 
7 1 6 4 
9 1 3 3 
29157 19966 837 614 
127981 292 146 71 
146495 40 200 53 
146018 1294 26 16 
144972 910 242 50 
145243 881 956 216 
141816 1139 1588 663 
142922 906 2226 671 
6279 22012 1554 1805 
2568 2237 1315 663 
182 431 1115 199 
119 271 776 338 
162 233 1265 335 
127 423 3321 28 
57 62 2916 69 
95 172 5147 101 
4 211 1484 58 
32 129 326 18 
12 98 12 10 
52 42 9 17 
22 7 7 25 
22 58 1 16 
5 136 32 6 
9 88 6 12 
11 28 2 5 
10 25 13 6 
7 24 7 3 
17 14 13 9 
11 12 9 7 
16 5 15 4 
10 1 2 9 
8 8 3 12 
8 5 8 8 
9 2 6 5 
7 7 5 4 
5 7 8 6 
3 3 3 6 
2 3 7 2 
6 4 7 4 
72685 10762 2228 547 
104975 374 220 79 
117024 1059 86 41 
119737 287 46 37 
117235 144 0 234 
113974 1482 719 872 
109481 1757 5065 968 
117600 1646 4202 485 
5315 3865 2207 196 
1015 2731 512 662 
154 1008 274 674 
258 479 266 979 
32 358 640 144 
13 277 512 150 
6 7 1388 21 
5 40 2800 19 
34 56 66 18 
27 47 69 22 
36 118 40 60 
40 85 2 37 
13 86 17 1 
9 122 14 1 
14 147 3 14 
6 67 8 7 
6 84 2 4 
3 39 22 3 
2 28 0 2 
2 4 19 5 
2 1 0 2 
1 6 10 5 
8 1 7 7 
11 1 4 2 
6 10 9 4 
5 9 3 9 
5 5 9 5 
6 0 6 4 
3 1 4 5 
3 4 8 6 
7 5 6 6 
102809 1346 219 54 
87389 689 5 8 
98567 296 1 0 
98303 1290 62 16 
97391 1455 61 415 
104909 1299 2236 666 
104051 1774 6202 641 
67581 6075 1274 0 
9590 1281 894 538 
1100 1129 2556 546 
280 1243 2628 736 
218 811 2352 666 
47 1293 938 106 
0 521 23 11 
71 6 636 199 
2 5 1342 77 
0 64 59 29 
17 90 86 13 
68 64 35 9 
50 109 4 1 
21 207 8 12 
5 305 30 18 
3 206 0 10 
12 50 6 0 
20 27 4 0 
8 32 10 4 
9 5 15 4 
9 0 4 7 
12 1 7 2 
12 1 9 7 
11 2 5 13 
3 5 7 7 
9 0 6 9 
7 6 7 6 
5 10 7 7 
7 5 3 6 
2 2 7 8 
3 2 6 5 
3263 3037 1500 390 
93450 713 70 82 
95011 679 246 76 
104507 302 30 27 
101484 378 9 20 
99529 205 256 197 
100000 1553 2614 1215 
100180 1777 3699 378 
22663 20442 2686 2041 
4371 1143 1089 1089 
40 387 1055 973 
72 439 1519 673 
86 386 1704 294 
127 534 502 141 
46 482 381 53 
27 135 1506 141 
72 238 947 2 
6 31 445 47 
18 99 174 32 
18 99 111 2 
21 68 34 3 
2 146 22 27 
5 222 29 22 
10 116 0 2 
0 56 11 5 
12 20 0 1 
15 11 24 15 
10 6 0 4 
6 13 17 3 
8 10 2 5 
5 10 8 5 
3 14 7 3 
4 1 3 2 
9 2 3 9 
10 7 10 5 
10 6 1 6 
9 5 11 4 
10 0 2 5 
5 1 9 5 
26046 15684 332 471 
91745 127 106 56 
99504 976 97 65 
106850 862 85 44 
103841 69 169 136 
98051 282 817 716 
95274 82 1810 1122 
96499 1854 1665 789 
3475 6819 1697 3010 
1611 1008 846 852 
150 113 2117 785 
57 238 1175 711 
13 164 1670 52 
32 74 761 37 
230 1 393 79 
212 77 1475 47 
21 403 128 226 
60 43 1071 12 
28 84 238 3 
23 82 170 26 
2 18 61 23 
3 74 27 4 
0 40 2 2 
11 13 49 2 
39 10 9 13 
57 44 30 0 
26 17 6 11 
6 13 11 7 
10 8 3 7 
10 0 6 4 
6 2 7 4 
4 7 5 8 
6 6 8 9 
9 5 3 5 
4 5 3 5 
4 5 7 7 
4 0 3 5 
6 1 4 5 
9 4 7 5 
64037 5917 1013 208 
80970 560 182 24 
95841 320 45 25 
98429 986 49 30 
94612 614 89 386 
96108 80 721 865 
92730 29 833 951 
90100 379 1174 573 
3116 971 630 390 
562 291 1623 529 
96 111 1158 478 
21 139 682 246 
63 547 314 125 
145 606 196 147 
81 39 219 281 
106 153 1427 38 
44 159 480 190 
14 1 770 7 
31 72 321 6 
7 108 59 29 
2 49 78 11 
3 76 19 3 
2 38 67 10 
13 4 65 9 
8 14 20 13 
3 23 24 0 
1 29 3 12 
5 23 19 10 
3 14 4 3 
3 12 7 3 
4 1 9 3 
5 2 5 5 
2 2 8 5 
2 2 2 6 
4 2 7 4 
6 1 3 5 
4 1 4 4 
6 2 4 3 
5 4 8 9 
87135 655 64 16 
86753 924 146 60 
100571 414 39 20 
98444 859 64 48 
90223 2102 94 306 
87647 792 59 309 
85710 92 181 541 
53207 7179 375 1 
2957 533 377 236 
314 864 363 139 
563 169 28 135 
201 251 126 90 
12 826 414 46 
109 607 462 377 
57 252 33 108 
4 180 135 79 
7 277 1261 52 
7 61 871 119 
19 9 247 61 
26 39 54 30 
40 73 68 14 
36 2 131 0 
40 15 46 7 
33 34 88 26 
30 19 19 1 
19 5 34 9 
3 7 5 7 
1 13 12 2 
8 7 8 7 
7 9 3 4 
11 2 4 4 
10 3 6 5 
12 7 9 5 
7 7 6 10 
7 4 9 3 
7 5 9 7 
10 3 3 3 
8 4 7 7 
3989 3824 1693 408 
82499 472 62 69 
95028 439 142 68 
105169 937 73 29 
99537 643 53 27 
92529 1367 571 546 
89110 1029 134 1386 
90745 2462 813 879 
17915 7467 1566 1650 
1808 2522 34 469 
144 2619 210 392 
723 1125 384 203 
118 754 1942 305 
11 1699 2066 439 
268 632 295 361 
176 298 292 271 
69 520 340 176 
3 202 1985 22 
43 76 634 21 
3 83 81 39 
8 61 53 57 
38 11 56 24 
0 13 77 1 
2 54 78 4 
12 34 73 17 
22 17 50 14 
2 36 10 2 
0 37 29 8 
1 7 5 8 
5 1 5 9 
4 2 2 5 
2 3 8 3 
7 6 6 4 
4 4 5 4 
5 1 4 6 
5 0 6 8 
4 2 4 5 
3 3 6 2 
7 5 4 5 
28382 14317 104 248 
79136 160 114 97 
101970 176 199 88 
102357 1783 95 38 
97682 1902 89 175 
93111 1816 579 1110 
97658 1026 1508 977 
92514 3172 1864 1008 
2227 19624 4266 1313 
1465 3357 332 784 
97 2494 1192 581 
17 1508 1706 570 
51 1131 2630 646 
82 1284 1748 494 
104 573 567 408 
285 97 1191 358 
256 572 945 126 
29 269 1753 87 
52 85 403 87 
0 84 269 75 
1 88 152 13 
12 120 153 38 
0 62 105 23 
4 23 114 0 
19 4 43 6 
13 22 7 16 
8 35 27 2 
3 10 4 6 
5 1 4 4 
3 4 3 4 
1 2 5 5 
2 4 5 8 
6 4 6 5 
6 5 5 2 
6 1 2 4 
5 3 6 6 
6 3 4 5 
9 4 4 7 
4 0 3 2 
68182 4205 1217 298 
82959 793 111 42 
104770 566 39 36 
104638 464 57 31 
96781 2099 193 470 
97092 3463 303 726 
102075 2009 1951 842 
100430 2140 2438 1106 
5338 2348 811 878 
227 3804 189 854 
386 1933 1670 990 
422 1564 2306 774 
135 1040 2877 253 
20 1778 1488 260 
103 291 877 149 
34 353 1894 413 
45 491 1791 200 
32 174 1085 20 
9 44 737 6 
21 162 352 27 
36 54 102 39 
27 80 136 32 
8 58 148 5 
0 13 55 5 
5 3 47 10 
7 10 13 2 
1 22 24 3 
0 12 4 8 
8 0 4 8 
9 0 7 10 
4 5 4 10 
3 8 7 5 
5 11 6 3 
8 2 3 6 
6 3 9 4 
5 3 3 7 
4 3 7 6 
5 3 3 3 
126 110 90 59 
93593 883 114 25 
95258 121 208 48 
113519 801 46 30 
112490 1748 62 38 
108074 987 208 390 
108919 561 504 865 
102068 2398 3600 1186 
55207 1408 7179 1685 
2941 3982 752 701 
33 4290 891 410 
352 1941 1661 511 
236 1676 2481 286 
3 1417 2292 334 
141 1822 1079 437 
313 45 1052 228 
209 50 1099 104 
43 395 2144 34 
7 83 959 76 
2 12 430 25 
7 39 59 29 
8 52 132 4 
0 28 92 4 
1 21 115 11 
14 7 52 5 
54 22 49 2 
17 20 25 8 
7 26 18 6 
10 4 6 6 
10 1 7 6 
8 0 5 7 
8 8 9 5 
10 10 9 3 
9 13 4 2 
5 4 8 6 
5 2 2 6 
5 2 6 3 
4 2 4 5 
4 2 6 6 
8245 7491 2262 350 
90644 338 19 11 
121371 266 16 14 
120017 275 13 7 
117147 961 14 31 
109257 3006 618 477 
113285 477 3117 530 
108441 938 1435 834 
14346 31496 77 504 
993 3237 1159 192 
401 3966 924 202 
247 1585 1022 139 
59 901 1309 61 
33 1948 1396 186 
186 613 1249 103 
62 163 1095 116 
68 128 875 51 
57 148 2115 0 
2 36 401 1 
12 0 79 18 
10 40 17 1 
6 34 50 5 
4 5 6 8 
10 6 61 2 
13 19 31 10 
20 35 14 7 
17 2 17 6 
7 4 3 3 
16 9 13 10 
8 5 0 5 
8 4 13 4 
9 0 5 3 
9 2 10 6 
8 4 4 5 
6 6 11 4 
3 3 6 3 
4 1 6 4 
4 1 3 5 
8 3 5 6 
47483 16743 791 262 
102842 251 176 86 
127694 740 85 56 
126892 436 35 6 
124379 63 3 105 
117909 49 942 624 
124837 1458 3935 392 
117011 3590 3158 106 
712 4253 1089 191 
380 3954 2966 244 
108 1404 2359 39 
118 1057 1056 118 
58 1589 415 7 
26 1194 822 210 
160 276 3129 26 
107 21 662 26 
41 207 747 71 
29 153 991 0 
33 120 141 27 
20 24 38 16 
30 17 18 11 
2 28 0 0 
2 9 27 18 
13 1 2 5 
6 2 7 0 
4 28 5 1 
0 23 6 3 
0 28 1 8 
0 13 18 5 
2 5 0 2 
4 3 12 5 
7 4 1 5 
7 2 7 2 
5 1 4 5 
6 1 3 6 
13 5 9 5 
6 3 3 5 
7 2 9 6 
4 5 5 9 
106592 2654 974 290 
120277 502 17 11 
139112 443 29 14 
138674 830 97 34 
137820 548 2 73 
137246 66 682 170 
137817 355 4221 282 
126611 1041 4806 62 
723 2440 4258 64 
53 1644 4694 79 
3 189 4931 138 
10 776 4501 38 
63 2203 3633 23 
81 616 3089 112 
4 0 2688 132 
27 102 333 34 
59 130 563 122 
15 93 227 17 
11 30 130 26 
3 40 11 4 
2 9 12 23 
11 2 28 9 
2 25 29 19 
2 39 21 6 
5 41 0 9 
11 11 27 12 
9 6 0 7 
6 22 2 4 
1 15 9 4 
10 0 7 2 
6 2 5 6 
3 2 6 6 
3 2 5 1 
5 4 5 3 
7 1 8 11 
5 4 6 8 
8 2 5 8 
9 3 8 6 
438 502 408 268 
116070 405 47 3 
133463 88 347 83 
137293 801 93 43 
137377 6 60 59 
130166 120 355 310 
139186 1844 2400 95 
132893 1115 3803 212 
65059 12280 218 284 
1301 2167 2693 69 
66 590 3665 33 
21 218 5303 197 
48 499 4310 8 
27 1560 2219 85 
325 745 3145 9 
230 311 1024 65 
22 9 281 82 
43 19 598 97 
6 0 328 4 
21 3 46 6 
46 49 18 1 
9 7 33 19 
6 22 2 13 
1 19 25 0 
0 31 29 28 
7 47 0 14 
2 10 17 8 
7 1 2 1 
11 0 3 6 
14 8 14 7 
14 9 1 6 
9 5 15 6 
10 3 3 2 
11 4 7 9 
8 2 3 10 
8 2 6 4 
5 2 6 4 
9 4 5 4 
7 5 5 5 
17839 14387 1781 505 
112595 281 83 22 
143274 55 131 35 
141757 1077 46 39 
139966 603 163 6 
148259 272 483 172 
145789 345 4629 166 
143117 1933 3270 108 
19564 25943 5563 473 
1005 1961 3933 192 
50 613 5208 39 
152 397 5006 9 
174 963 5171 13 
46 747 3016 80 
6 487 1336 15 
89 344 343 23 
81 16 280 167 
38 56 190 26 
9 17 157 72 
16 3 62 2 
5 27 18 17 
18 17 124 21 
17 28 14 6 
15 22 25 0 
4 5 16 18 
4 14 3 4 
1 6 10 1 
3 10 5 8 
6 13 1 5 
8 4 4 4 
14 0 7 3 
9 9 9 5 
8 6 7 5 
7 4 9 10 
7 4 7 6 
6 1 8 4 
11 1 7 5 
11 3 5 6 
4 5 8 4 
63406 11583 1604 309 
114215 341 96 25 
137734 500 15 3 
137248 220 15 0 
138732 89 41 114 
138667 244 1244 494 
141465 1795 2546 413 
134332 2149 2212 59 
1804 1338 919 22 
525 3172 2671 147 
68 1175 3792 31 
82 419 3534 80 
176 447 2495 63 
29 163 1088 3 
25 63 364 81 
0 20 1148 24 
105 40 292 67 
6 78 316 22 
0 20 49 62 
13 31 84 17 
7 80 63 0 
26 55 41 7 
16 26 36 28 
10 2 4 10 
3 2 8 5 
3 9 7 7 
7 3 0 6 
3 8 0 7 
5 21 7 6 
5 6 9 4 
7 0 2 5 
5 0 8 8 
3 3 6 9 
3 6 5 8 
4 5 7 5 
5 6 5 5 
8 5 7 8 
10 5 6 6 
7 5 7 4 
113433 686 125 48 
122227 906 25 61 
139428 409 56 44 
132850 1824 68 34 
135558 2138 16 53 
135323 713 388 261 
139946 1379 1424 306 
111883 3121 1505 464 
4672 1492 676 160 
221 1584 790 66 
14 1124 1499 150 
8 573 1084 73 
62 578 792 12 
57 366 557 133 
50 10 297 178 
58 42 1712 138 
4 9 496 13 
15 44 265 32 
14 101 43 6 
34 68 187 17 
31 15 65 22 
19 30 107 0 
10 35 19 13 
8 19 9 43 
4 16 5 1 
6 16 8 16 
11 2 0 0 
18 2 9 6 
13 0 4 7 
10 18 4 5 
7 10 6 5 
7 7 3 3 
7 3 7 6 
7 5 3 3 
8 5 7 7 
6 3 4 9 
2 3 5 4 
2 4 4 4 
2105 1966 1149 395 
113650 409 28 27 
125127 376 508 96 
136929 720 65 47 
136221 573 105 83 
136954 817 587 657 
128492 1872 171 1111 
127314 3649 532 319 
43742 8865 884 438 
3459 2156 138 90 
62 2162 475 129 
231 1531 725 125 
219 1218 1238 106 
174 752 1181 89 
79 24 363 187 
82 272 896 132 
115 183 921 76 
36 10 429 9 
31 42 162 6 
32 39 97 8 
11 89 78 14 
38 42 43 5 
12 28 54 18 
2 1 11 32 
4 0 5 4 
3 29 5 13 
1 31 2 25 
5 3 9 11 
3 7 9 3 
12 4 5 4 
7 2 2 3 
8 1 6 2 
8 3 6 7 
2 1 6 8 
4 6 7 5 
6 11 5 5 
6 2 7 5 
7 2 6 4 
9 4 6 4 
28351 17200 269 462 
120141 175 99 61 
144800 72 172 59 
142294 1145 85 38 
140958 1387 156 16 
147096 310 652 363 
145388 1142 779 284 
144734 3318 384 99 
10286 22007 4057 901 
1904 2163 423 102 
10 1790 165 53 
17 1059 360 50 
76 743 132 0 
96 307 1541 105 
154 56 126 32 
72 98 532 42 
70 69 664 7 
6 31 665 7 
20 42 193 29 
0 64 76 22 
14 109 137 12 
2 5 157 3 
10 13 45 14 
3 25 49 27 
8 26 13 8 
13 44 4 0 
6 4 10 12 
7 1 13 4 
4 6 2 9 
5 0 15 11 
4 5 2 2 
4 3 9 2 
5 2 6 8 
7 3 6 10 
3 0 4 5 
3 0 3 5 
5 2 3 3 
6 3 5 4 
6 2 3 4 
65850 7558 1817 468 
102400 624 338 89 
112104 878 10 5 
115483 570 8 0 
114526 711 3 158 
109325 2219 1271 586 
110147 2561 908 256 
113605 1634 1199 95 
3403 777 370 269 
135 1417 61 251 
516 255 178 117 
348 122 84 129 
303 35 549 43 
307 385 1246 21 
283 3 763 30 
124 187 1331 34 
37 139 474 17 
3 191 1063 27 
4 94 192 5 
9 2 120 0 
8 7 110 32 
11 24 198 24 
2 52 41 1 
13 5 7 19 
3 8 10 4 
2 24 6 15 
0 12 5 15 
3 7 1 5 
3 6 9 2 
2 12 4 6 
5 2 3 1 
3 2 3 7 
4 3 6 6 
3 2 5 4 
5 0 6 3 
4 4 5 2 
3 1 3 4 
6 2 4 4 
16 8 9 11 
104734 501 20 5 
100347 778 64 61 
117373 486 65 39 
113155 2055 51 35 
115350 2102 6 139 
116014 837 444 779 
116635 1514 459 257 
77154 1249 4319 333 
4655 618 265 215 
67 804 330 247 
218 277 404 104 
120 520 508 84 
69 729 996 0 
73 894 1035 102 
126 73 1158 83 
23 156 1287 56 
1 86 673 33 
5 11 998 35 
48 72 212 12 
30 26 213 39 
15 6 118 38 
2 8 132 0 
5 13 44 12 
0 33 1 48 
13 23 5 10 
5 5 2 1 
5 2 2 4 
3 4 6 9 
3 2 0 7 
2 1 6 2 
5 3 2 2 
6 2 5 8 
5 3 5 8 
4 1 3 2 
3 1 3 5 
6 8 8 7 
6 2 6 8 
5 3 8 8 
3769 3744 1899 485 
105455 347 31 11 
114849 489 258 52 
125578 380 49 19 
121847 1179 55 29 
116004 2015 839 566 
114290 1355 176 572 
116601 1964 232 204 
30222 18453 1298 612 
2143 1404 103 222 
215 942 217 284 
372 364 361 110 
151 224 194 85 
103 475 2181 20 
105 258 320 8 
64 362 870 21 
45 143 601 0 
7 54 1197 19 
3 13 431 5 
1 20 321 14 
7 33 119 21 
21 20 216 49 
9 93 27 1 
0 25 64 7 
4 22 3 33 
16 57 1 8 
2 34 15 12 
2 9 6 5 
2 0 7 3 
2 2 8 5 
3 4 5 7 
7 0 7 3 
3 3 6 5 
