4 2 1 5 
7 3 18 3 
6 5 0 6 
7 2 16 4 
7 4 0 6 
8 1 12 5 
15848 36332 5431 798 
532 86186 371 97 
4862 82521 258 71 
2031 68631 8636 1814 
572 79991 19440 891 
1975 83860 16366 1073 
2631 74736 28658 1327 
752 78800 26367 1893 
6657 389 28703 492 
557 3958 31446 1288 
159 1168 48414 1103 
845 1465 9999 1815 
62 1144 3007 344 
291 1310 4673 339 
118 1769 3887 201 
20 1895 2970 60 
41 560 806 191 
45 298 112 183 
15 99 102 45 
8 163 217 2 
10 142 31 38 
16 62 55 71 
19 14 14 41 
7 8 60 5 
1 7 13 11 
8 3 2 22 
14 1 13 8 
9 2 4 0 
6 8 15 2 
2 6 2 13 
3 12 22 4 
1 8 6 7 
2 6 17 3 
4 3 3 4 
4 2 22 7 
5 4 1 6 
6 5 14 6 
5 9 2 7 
4 5 10 4 
7391 90207 66 77 
93 97622 444 77 
1169 92138 555 163 
5404 57279 18397 254 
2359 84097 21644 1532 
505 88917 18190 1095 
949 72831 24332 1770 
2259 76403 27060 1120 
201 1836 36593 1935 
56 490 33319 1807 
45 565 42363 1396 
203 1550 2286 945 
63 1507 1821 167 
38 1231 3702 60 
57 1645 4273 93 
36 740 1544 65 
1 424 120 60 
67 169 1 36 
63 123 1 17 
26 115 252 18 
10 196 104 8 
8 17 40 73 
16 18 0 23 
10 14 16 0 
6 7 24 12 
4 7 2 14 
5 5 28 5 
3 16 14 12 
1 23 8 3 
1 8 11 4 
4 6 9 5 
7 1 5 3 
6 1 5 4 
10 3 7 5 
5 6 5 3 
6 2 12 6 
7 1 2 6 
8 2 12 5 
111 110 100 114 
830 104123 921 268 
3297 92564 220 69 
1965 90676 406 130 
175 94755 24275 238 
3092 94482 23300 654 
2638 93619 16563 808 
1304 86640 19683 1571 
3532 34852 5515 478 
2563 714 19798 533 
66 263 15461 579 
491 212 10708 1254 
8 1563 814 232 
23 1141 62 26 
61 1219 257 16 
44 2003 214 43 
29 471 102 117 
19 137 198 101 
0 175 350 36 
1 136 16 0 
4 107 5 8 
22 121 0 45 
31 19 84 25 
37 5 17 6 
2 19 23 0 
10 14 7 7 
9 10 20 10 
13 2 15 5 
8 1 0 1 
5 18 16 8 
4 15 1 4 
3 11 17 3 
1 6 1 2 
4 6 11 5 
5 0 2 5 
7 1 8 4 
10 5 2 5 
6 9 10 8 
7 5 4 6 
8550 11615 5735 912 
487 97137 409 86 
3457 94939 675 244 
7787 80524 314 497 
3430 97873 22994 492 
541 104895 22329 429 
2970 108015 14646 1107 
5168 101837 22199 128 
21340 9582 24536 111 
1890 2120 20922 738 
329 994 19002 561 
59 771 8048 3283 
29 1208 833 69 
35 1080 1132 21 
42 1347 2206 99 
16 1172 957 222 
0 170 349 86 
0 41 272 14 
34 119 241 19 
21 59 156 46 
20 100 7 3 
45 87 50 7 
12 32 27 3 
11 20 17 21 
7 1 2 10 
22 4 37 1 
11 29 4 8 
4 35 12 14 
7 15 26 5 
11 5 15 12 
8 10 0 2 
9 16 21 6 
7 11 0 5 
6 2 15 9 
5 0 3 8 
3 5 8 6 
6 2 9 5 
4 1 2 2 
5 2 8 3 
15555 51444 3851 1423 
477 97619 529 112 
2027 100472 402 91 
1619 89242 3464 1243 
5040 98304 18981 725 
3642 104926 17457 1115 
984 109800 14811 1225 
1883 103822 26252 220 
2259 180 21802 1890 
976 4241 18130 774 
101 1228 21082 793 
863 1301 3616 1077 
7 1034 1862 38 
73 1018 2319 1 
17 1331 1331 34 
12 656 861 238 
33 162 623 118 
31 103 130 38 
25 47 312 9 
42 16 47 3 
46 105 22 30 
64 101 44 25 
62 17 16 1 
30 13 4 9 
5 19 15 14 
20 12 4 7 
7 6 17 7 
11 1 0 1 
7 4 15 6 
3 5 9 9 
6 9 23 4 
2 10 11 5 
5 3 10 8 
4 14 9 6 
1 4 4 3 
4 2 5 6 
4 2 4 6 
5 2 4 6 
5 3 3 5 
3336 106540 534 168 
1173 113197 895 82 
5774 98014 429 99 
6710 104377 13725 538 
915 102177 22398 1377 
1652 106468 12526 1249 
4265 100866 14475 1743 
8556 89839 18336 814 
1642 922 18436 651 
38 1331 19595 1146 
119 1127 18522 892 
32 1445 1249 758 
43 1632 555 147 
125 908 1182 33 
23 1478 1536 135 
6 850 238 83 
13 70 183 87 
2 48 69 27 
10 11 237 16 
20 9 63 14 
23 52 51 16 
69 22 15 0 
61 29 6 8 
10 20 3 3 
14 21 38 17 
9 35 0 4 
7 33 22 6 
12 18 6 6 
6 12 1 7 
6 0 22 3 
8 10 25 7 
11 7 0 5 
9 0 22 4 
6 1 2 9 
3 6 16 8 
3 7 1 5 
3 5 8 4 
6 4 8 6 
712 766 710 533 
511 114018 843 240 
3336 102167 147 66 
1727 102952 548 149 
1890 113185 19963 316 
5766 100901 18993 916 
3212 109304 11332 997 
1161 106080 16491 1386 
4158 38717 3778 131 
3205 1236 20149 507 
61 1119 16293 669 
551 162 10389 457 
0 1873 481 100 
73 2145 134 189 
78 865 372 72 
142 741 279 82 
61 160 85 83 
33 24 17 102 
39 16 207 23 
63 1 92 38 
44 3 54 9 
35 96 23 21 
56 9 6 1 
49 24 12 1 
10 2 5 2 
1 14 36 12 
0 24 4 6 
7 5 1 4 
5 9 10 11 
4 18 8 5 
2 22 1 3 
3 11 24 3 
5 10 1 5 
8 5 24 6 
2 9 14 6 
7 8 1 8 
6 5 14 4 
6 2 2 5 
6 3 7 5 
13082 21328 7942 483 
439 111175 644 190 
2033 105329 195 51 
6886 83646 1685 1243 
4465 103903 26074 697 
1370 105932 14493 1005 
1211 116304 12848 787 
5715 103785 21565 1537 
11172 7275 10189 2527 
2128 2141 20699 503 
164 1863 15919 1048 
143 1320 3618 2059 
8 3210 150 52 
2 1551 481 211 
6 486 423 217 
10 119 209 82 
0 12 224 108 
5 235 272 78 
37 49 57 27 
31 30 19 15 
35 1 36 12 
62 32 27 10 
55 40 32 23 
27 76 12 9 
20 8 1 10 
13 10 10 3 
8 2 0 6 
1 17 14 4 
0 38 8 12 
3 30 4 10 
10 16 16 10 
15 4 0 1 
3 15 2 7 
6 10 17 5 
9 4 2 4 
10 4 13 8 
10 2 2 6 
5 2 6 4 
5 4 5 5 
16010 67693 2045 1143 
1089 108020 622 198 
6143 108874 583 172 
3050 109586 10467 275 
626 108912 10693 423 
1028 106130 19471 1978 
4762 96389 18518 1329 
3425 100569 13530 316 
2242 2998 9221 950 
461 3024 11412 627 
69 1495 16792 348 
144 303 934 675 
24 1166 2130 247 
102 242 1820 98 
75 109 2788 101 
26 248 1896 22 
6 21 1831 18 
5 174 1357 6 
1 9 842 40 
24 3 144 1 
19 17 220 66 
20 25 219 31 
26 32 54 29 
13 18 152 6 
15 7 1 1 
4 0 9 6 
2 12 5 5 
0 8 7 10 
17 1 3 10 
10 1 8 10 
8 17 3 3 
6 9 11 7 
6 4 1 7 
5 1 18 6 
5 2 2 5 
2 1 4 3 
5 7 5 5 
5 7 7 4 
7 5 5 4 
4850 128011 1146 353 
3945 135519 1731 349 
6946 127851 1540 453 
8104 111843 28752 299 
2967 124093 9215 3049 
351 138062 34746 2146 
1850 136151 10831 930 
7268 124316 16376 2091 
1525 177 14348 978 
23 1507 20362 740 
7 1953 25204 1024 
2 1102 1261 827 
28 438 436 266 
38 139 4331 125 
1 578 5942 21 
9 702 1330 29 
15 159 989 5 
23 166 1613 8 
5 91 122 23 
37 199 75 30 
97 7 78 35 
63 27 66 24 
55 46 130 0 
22 38 21 4 
6 20 0 20 
7 5 46 16 
0 9 12 6 
0 8 1 7 
1 20 27 5 
1 0 0 7 
5 1 11 4 
7 5 4 8 
5 4 3 9 
7 5 16 6 
6 2 0 4 
7 2 9 7 
4 5 11 3 
6 4 2 3 
792 792 672 414 
15961 263043 7111 2187 
20364 263326 8801 2421 
19561 278642 8844 2410 
26130 249706 13673 4510 
26679 243557 5310 9257 
20261 260385 30607 6603 
13889 279735 11478 6722 
35277 156019 9036 13998 
3308 2343 11097 4429 
323 470 8174 2462 
74 558 5816 2910 
15 365 5199 987 
77 467 2508 0 
351 574 1304 10 
247 1483 414 39 
32 252 569 139 
99 108 487 75 
211 254 134 51 
120 101 180 23 
52 364 18 43 
24 36 5 21 
3 15 5 0 
43 20 8 6 
28 9 43 0 
24 9 24 0 
17 2 10 0 
3 1 4 9 
8 7 28 2 
12 10 4 9 
4 8 17 8 
3 5 4 8 
1 2 3 7 
2 7 9 7 
6 18 6 7 
4 6 6 4 
8 4 5 9 
5 3 6 8 
3 4 3 5 
8204 10661 5214 772 
13344 109498 4897 1579 
18628 96623 4812 1535 
20782 111493 296 3291 
19161 84857 34132 1741 
16611 96274 38514 214 
16898 78800 17698 522 
15529 75708 7534 1787 
11507 5161 14719 4862 
91 1451 10312 2934 
12 106 24498 8270 
331 679 1236 11127 
172 858 380 902 
308 236 690 105 
28 238 213 58 
27 218 1491 489 
67 629 1168 197 
50 362 732 144 
32 770 1107 52 
0 8 14 4 
26 43 47 18 
35 100 4 18 
3 19 21 11 
0 0 28 10 
0 2 85 3 
4 17 5 1 
18 0 6 4 
13 0 8 2 
10 2 1 5 
6 5 12 4 
10 12 2 3 
7 2 4 4 
4 4 2 3 
5 0 6 5 
5 2 7 4 
7 4 5 4 
8 3 6 6 
5 2 7 5 
6 5 6 7 
18334 25691 4497 758 
28526 119959 8895 2930 
20836 130722 9076 2995 
18707 150272 17362 2456 
28958 153284 62841 2398 
29557 151251 55858 377 
35304 179235 29135 3939 
50566 173387 2987 9656 
27711 13694 29898 4759 
1689 4814 24907 891 
228 424 22804 4778 
57 652 2560 8697 
182 471 495 715 
249 111 685 0 
144 50 1494 115 
99 137 1694 122 
14 89 596 165 
125 435 301 71 
22 611 250 135 
21 321 389 12 
76 165 6 13 
9 25 80 34 
23 0 97 1 
14 29 55 22 
10 58 1 19 
23 17 29 3 
7 9 4 2 
0 8 33 5 
5 11 4 7 
4 6 2 5 
3 2 4 2 
2 10 3 7 
9 3 4 6 
9 3 2 5 
2 2 8 7 
6 5 7 5 
6 4 4 9 
7 6 4 5 
7 4 6 12 
32404 49689 1056 1076 
51269 101003 7779 2853 
71222 104517 9681 3859 
66659 83314 3670 6175 
52267 110057 26318 18367 
53108 130835 62358 5006 
39610 126103 94879 72 
45463 128291 74737 3155 
4849 2767 36086 14154 
788 269 49941 9447 
1398 7774 13116 7703 
44 204 5232 1221 
302 117 79 83 
514 379 995 240 
7 728 1313 131 
77 618 442 61 
29 754 64 54 
2 1 94 15 
11 41 28 18 
36 72 130 11 
31 90 57 12 
18 14 9 13 
49 128 7 0 
24 39 35 2 
16 4 16 3 
5 2 13 1 
0 20 11 5 
9 12 10 7 
10 5 17 5 
3 11 0 6 
9 4 23 9 
5 2 1 9 
4 1 6 4 
6 4 9 6 
6 2 9 5 
5 3 3 6 
7 2 4 6 
3 4 9 6 
4 4 6 3 
35789 51594 471 251 
39613 41156 5524 1980 
45378 59864 6811 798 
56782 51264 15378 350 
42956 39364 8064 4791 
51850 26130 6104 4276 
41367 30706 1067 6271 
34159 29316 2596 546 
3008 3142 707 5606 
45 1194 6391 9528 
919 1677 2627 461 
675 780 663 2677 
805 24 575 3122 
9 11 110 962 
45 76 604 49 
1 40 96 29 
51 26 3 5 
62 177 126 10 
92 483 195 11 
5 207 137 7 
27 31 81 19 
6 58 3 36 
0 0 67 30 
9 33 51 14 
6 13 13 0 
5 12 14 9 
2 1 0 5 
30 2 26 10 
3 11 3 6 
5 1 5 3 
8 12 2 6 
5 3 16 7 
5 3 13 3 
6 2 6 7 
6 5 4 5 
4 3 7 5 
4 3 7 4 
8 3 4 4 
7 4 4 7 
49183 71667 2527 561 
64941 91230 11536 3778 
84934 86281 11460 7336 
117393 70166 11602 14038 
94127 78109 8188 10805 
100340 69867 11926 2938 
76355 50349 9424 3464 
33717 55925 4698 16799 
23297 255 24554 5589 
3407 1719 25522 3376 
1644 4142 145 436 
217 2295 2033 689 
1005 108 1062 144 
253 140 131 16 
37 1745 1432 189 
34 503 589 334 
195 343 1077 92 
10 238 362 87 
49 63 242 47 
22 71 26 25 
22 63 44 2 
10 1 4 17 
57 27 2 3 
5 12 60 7 
5 15 6 7 
8 0 4 3 
8 1 39 7 
16 4 3 3 
2 2 20 8 
7 18 1 5 
5 7 35 11 
7 8 18 5 
8 1 4 4 
12 4 7 4 
6 2 6 6 
8 4 2 8 
5 6 7 8 
3 5 7 6 
4 6 6 8 
16753 68168 1228 257 
7845 22074 1637 579 
7870 38954 10408 2815 
23092 114393 19570 7059 
28279 90209 21643 2153 
26402 51730 25911 2953 
12949 20830 13372 2061 
12396 37636 9168 1804 
1287 578 8836 4165 
1792 4560 8996 3249 
410 1325 4095 1257 
1759 3275 31 366 
267 483 138 153 
237 39 2391 220 
70 1595 104 8 
29 17 4 48 
81 430 123 90 
70 178 69 39 
118 397 177 41 
19 189 49 10 
36 235 100 3 
12 134 9 1 
11 60 41 9 
1 36 138 41 
1 21 53 4 
24 3 1 10 
1 24 4 14 
5 7 32 4 
8 20 0 4 
12 6 16 12 
5 2 0 7 
2 4 14 9 
5 7 1 4 
5 2 3 4 
5 4 6 5 
5 7 6 4 
4 2 4 9 
5 6 9 6 
9 11 11 12 
6068 32534 1976 708 
3389 66438 3401 145 
21117 131910 10978 4101 
30299 169474 2051 2152 
4848 228890 49541 4644 
9435 159260 59114 15316 
18742 115926 14233 20755 
15198 63853 8866 15190 
3086 876 3771 8388 
1171 2291 95 7642 
2891 275 1624 650 
815 559 1217 374 
54 925 439 393 
104 272 36 44 
22 1001 44 122 
22 503 19 83 
247 38 82 1 
108 251 165 29 
76 85 62 7 
6 6 6 4 
8 3 7 5 
5 3 2 4 
3 4 12 4 
4 5 2 5 
4 2 9 6 
4 4 5 5 
4847 14714 779 367 
4517 37333 36 124 
7238 31113 181 57 
4804 32959 1760 22 
5243 28678 2548 3203 
8902 31163 4530 1801 
7625 31056 2072 1748 
4972 32418 2927 1693 
6717 1534 1396 1552 
395 1617 5191 766 
52 364 2557 1712 
16 94 594 357 
25 143 261 287 
36 333 3 431 
1 268 33 103 
15 217 309 103 
30 275 396 82 
18 216 517 42 
35 187 289 37 
51 57 175 22 
44 32 39 20 
15 24 79 18 
6 21 12 16 
10 9 32 0 
6 7 4 9 
3 4 18 15 
4 2 0 4 
0 3 8 1 
3 1 2 7 
2 5 13 12 
6 6 1 8 
8 7 13 6 
7 8 3 9 
8 3 14 9 
9 2 4 5 
8 5 11 6 
4 6 5 4 
5 3 6 6 
3 2 4 2 
910 33160 159 23 
7994 30326 318 140 
7911 32535 139 40 
6104 30612 322 699 
4361 31795 4022 2582 
8206 31930 4628 2328 
8403 29988 3398 1237 
7871 23668 6527 1441 
5013 500 3161 1100 
257 420 3965 1156 
61 72 1508 971 
110 132 250 46 
86 348 39 311 
49 16 135 63 
1 9 96 0 
2 109 264 1 
7 277 260 41 
48 209 153 36 
38 122 115 50 
9 121 6 23 
1 7 26 5 
0 46 0 6 
2 26 0 14 
0 13 2 14 
9 30 6 13 
13 12 12 10 
17 10 1 2 
14 6 18 2 
12 0 6 6 
4 2 8 7 
3 2 3 6 
2 4 0 6 
3 4 8 5 
5 4 2 3 
4 4 9 4 
4 6 1 4 
6 5 12 6 
8 4 6 5 
703 806 644 375 
5 40156 236 103 
5034 36592 142 16 
7794 41478 864 149 
6863 30919 3269 1709 
4566 34977 2051 2231 
3891 37996 4008 2906 
6602 35553 2525 885 
19883 6627 15304 961 
1879 2895 6991 570 
95 671 3473 831 
103 1163 190 595 
156 805 27 785 
51 134 48 547 
76 18 70 148 
76 13 214 105 
53 60 30 37 
7 37 322 31 
24 156 4 0 
16 75 28 10 
3 27 102 15 
0 7 59 2 
1 16 72 20 
0 32 21 13 
2 23 42 0 
1 25 0 19 
5 7 26 19 
2 6 8 5 
0 4 9 2 
1 3 17 4 
9 5 4 6 
4 5 10 8 
9 5 5 6 
9 4 10 7 
8 3 3 5 
4 5 6 8 
5 6 3 5 
5 4 7 5 
5 3 3 7 
5048 8568 2475 102 
1984 30414 287 39 
5595 44442 264 93 
4315 41786 1940 15 
5586 41730 1326 1661 
8021 37647 3275 2757 
5583 33662 4311 1443 
4468 39495 2257 902 
2033 589 7594 2870 
637 2368 7807 1023 
16 949 3752 866 
280 544 95 549 
27 203 177 342 
12 15 37 635 
43 22 77 176 
69 9 19 56 
30 68 151 6 
30 42 309 8 
48 169 14 24 
4 58 24 5 
51 9 25 11 
24 3 26 3 
21 29 36 39 
13 67 4 9 
10 9 27 1 
17 10 11 14 
0 2 8 2 
3 0 5 8 
3 15 13 12 
8 7 1 5 
7 4 7 5 
5 5 6 4 
2 6 9 5 
4 3 7 6 
4 2 3 6 
5 2 8 4 
5 3 2 5 
7 3 5 6 
7 6 5 5 
4514 25256 220 182 
3955 46387 908 98 
9041 41534 94 26 
7378 38733 3403 210 
4282 43847 472 1834 
4328 38225 2146 3335 
7885 32975 3397 725 
7503 37923 2430 1576 
7011 37 4294 822 
92 479 5497 385 
118 996 3978 336 
2 728 558 226 
149 391 1006 627 
178 256 462 648 
11 135 629 83 
92 85 572 90 
10 193 271 51 
19 40 188 30 
24 24 21 6 
31 8 7 14 
19 11 47 23 
18 12 86 0 
15 3 50 25 
10 19 10 1 
8 11 35 20 
9 0 9 17 
15 7 12 4 
18 16 9 2 
21 1 2 11 
3 3 2 5 
3 3 9 5 
8 4 5 6 
6 4 7 3 
3 2 3 3 
3 3 9 3 
5 7 2 4 
5 5 11 3 
5 4 3 5 
6 3 7 6 
554 40813 339 115 
6187 46135 367 82 
4225 44044 263 75 
7427 44445 2923 417 
7375 42731 1628 2367 
6742 36915 2709 2911 
4954 37844 3875 881 
6806 23512 8579 1255 
6937 209 5570 802 
21 758 4166 1063 
84 530 1676 307 
185 955 973 75 
58 495 206 699 
4 34 198 554 
43 63 74 260 
86 73 279 77 
19 99 261 24 
53 46 77 15 
13 107 15 6 
0 95 28 14 
22 38 25 3 
32 1 67 18 
22 23 25 24 
12 33 44 0 
7 26 1 9 
10 8 37 23 
11 15 4 9 
11 6 1 11 
12 13 9 6 
10 4 5 3 
4 7 7 2 
2 5 7 8 
7 4 4 6 
6 6 8 4 
6 2 8 5 
5 5 5 5 
3 5 8 7 
4 3 7 7 
1001 1171 818 391 
306 37230 103 77 
9625 41641 241 60 
5485 45759 1327 295 
3820 43463 2502 922 
6809 38484 1982 2482 
7887 34841 4658 1477 
5229 38917 2155 1004 
8229 6693 10368 1003 
1816 3762 3875 430 
50 1101 3038 446 
115 521 98 480 
233 425 63 1071 
54 479 1 828 
59 230 104 259 
45 44 28 129 
5 93 250 141 
2 68 265 39 
5 7 7 35 
10 16 113 19 
13 38 94 8 
29 11 158 14 
61 24 33 7 
19 12 61 9 
14 25 46 0 
4 21 24 9 
4 11 24 22 
5 4 29 10 
12 2 2 1 
7 4 17 4 
9 3 5 7 
7 9 11 5 
8 4 6 3 
6 3 4 6 
4 4 9 6 
7 5 6 5 
5 2 5 4 
4 2 2 4 
6 2 4 5 
5567 11912 2362 266 
1367 55896 210 131 
9271 41740 160 48 
7631 37528 2022 33 
4424 44501 1424 2452 
4007 40952 1884 2700 
7447 36768 3618 1238 
6530 42591 2968 1260 
11621 771 5387 574 
410 364 1815 633 
151 240 2627 269 
353 870 1024 389 
96 306 522 1157 
156 186 423 879 
161 228 171 230 
72 139 13 120 
74 225 32 132 
17 204 7 122 
23 16 140 70 
23 9 165 4 
2 40 95 2 
2 5 75 18 
5 45 18 0 
7 6 41 8 
11 0 35 21 
17 2 2 8 
9 6 30 0 
4 10 1 7 
4 1 32 9 
4 5 10 6 
6 5 7 5 
5 1 4 5 
4 0 8 2 
4 3 3 5 
3 5 8 4 
5 4 3 5 
5 2 4 6 
6 3 8 4 
4 3 5 5 
3112 34682 225 218 
2616 38812 590 143 
6367 46027 87 9 
7131 50509 3680 237 
6036 45462 3202 1573 
3083 44923 720 1156 
4838 40187 3055 1678 
7140 40118 3647 908 
3957 285 5088 751 
467 252 2697 996 
68 181 2435 1703 
33 168 197 1345 
148 250 1266 738 
14 26 1029 432 
12 153 263 127 
14 103 100 231 
6 218 11 167 
36 97 78 118 
9 10 227 40 
25 3 57 23 
34 1 82 1 
45 6 3 5 
49 1 15 18 
44 7 2 2 
33 8 21 18 
0 2 16 6 
6 0 7 13 
6 13 15 6 
1 14 15 4 
4 2 30 5 
9 1 2 7 
13 3 23 7 
2 2 19 8 
4 3 2 7 
4 6 12 5 
4 8 8 3 
3 2 6 4 
6 4 6 6 
1 0 0 0 
249 50493 331 112 
6155 49067 300 45 
3188 46438 103 46 
7750 50000 2131 1046 
6203 46845 1460 1553 
3893 45545 938 1966 
3193 39927 4639 597 
7735 18394 391 2358 
2411 369 1857 1106 
360 667 2514 1950 
215 961 2505 2613 
241 725 3174 1184 
15 695 1650 403 
1 60 1680 435 
11 116 597 174 
0 49 499 240 
5 61 571 182 
45 83 402 17 
52 41 177 0 
30 14 114 7 
61 59 6 11 
40 93 33 10 
47 34 5 11 
35 27 26 3 
17 6 13 0 
17 3 4 3 
10 17 16 8 
7 27 1 8 
10 15 26 4 
11 4 8 5 
3 2 8 4 
4 2 4 5 
8 7 15 6 
6 2 2 4 
3 0 8 5 
3 1 3 4 
3 5 8 3 
6 5 7 5 
3083 3557 1947 445 
904 54352 204 119 
8639 57910 296 72 
4069 64008 87 82 
3141 64304 2459 917 
5503 59287 2250 2066 
5373 52938 1159 824 
2654 48671 2516 2452 
5286 4951 7788 3046 
495 4865 1655 2662 
483 687 2089 1674 
181 364 324 1589 
104 515 875 538 
0 89 559 309 
52 194 547 95 
22 378 258 50 
86 359 402 20 
94 279 409 10 
16 230 205 22 
26 85 64 0 
4 3 17 9 
3 24 24 19 
3 25 11 33 
22 23 33 2 
21 25 7 2 
27 6 4 12 
6 3 10 8 
16 23 9 3 
12 16 3 5 
11 2 5 6 
10 2 5 8 
9 8 6 3 
9 6 9 5 
7 4 4 6 
10 3 4 6 
9 6 10 7 
8 3 7 5 
7 1 6 3 
6 3 5 5 
7632 19649 2439 496 
803 52733 129 124 
5114 60568 102 20 
8316 56286 2706 95 
6094 64880 1429 2233 
3553 65638 697 1329 
4781 67109 1694 2457 
7640 61908 1543 1613 
5621 1115 1061 2926 
97 850 2719 3556 
152 667 2209 4069 
49 1960 470 2950 
22 608 453 1078 
12 509 606 871 
29 42 947 273 
1 69 809 194 
87 54 1361 51 
82 91 1189 50 
53 23 568 3 
15 62 254 23 
14 5 55 14 
15 56 48 12 
26 30 86 3 
45 2 22 9 
16 23 32 21 
7 30 10 0 
2 8 32 4 
0 15 11 7 
3 4 27 5 
9 1 4 4 
10 0 6 6 
6 6 3 7 
4 7 6 6 
4 5 4 5 
7 5 8 7 
5 3 5 2 
5 3 6 6 
6 2 4 4 
6 4 6 4 
1665 54123 323 176 
4311 62668 405 152 
7516 69093 82 9 
5392 75343 3275 417 
3509 76056 904 1539 
5154 74345 2119 1777 
5744 72925 4053 2403 
3240 64717 3379 2449 
4283 2218 5106 4484 
635 2751 4577 3168 
166 2699 6104 3484 
260 1644 3932 1152 
36 911 1465 319 
0 105 1574 269 
14 51 370 24 
20 40 1 0 
50 51 111 2 
5 43 131 0 
3 88 224 6 
6 96 554 18 
11 59 133 8 
2 5 44 0 
2 12 33 4 
5 5 10 12 
15 0 9 11 
9 14 11 4 
8 18 3 7 
9 3 7 5 
0 1 9 8 
2 0 13 7 
4 3 4 5 
4 6 11 4 
5 7 5 8 
7 1 12 7 
7 4 6 6 
3 2 4 8 
7 1 5 6 
6 4 5 4 
256 282 255 199 
95 93284 98 45 
6466 91712 74 35 
3217 108243 641 262 
4916 102992 1199 830 
4859 106985 701 1178 
3730 112623 1066 1913 
2948 115051 2776 802 
16767 51504 3098 1647 
1747 2287 112 379 
387 337 2040 734 
452 99 1977 369 
223 674 3075 44 
60 510 3442 161 
143 124 3480 40 
34 232 1941 7 
215 10 1337 1 
87 67 1052 29 
46 126 987 3 
69 209 518 5 
90 121 186 7 
73 66 53 13 
29 79 14 1 
31 18 19 6 
22 2 31 17 
15 3 9 13 
13 1 9 6 
12 7 4 1 
6 7 4 6 
1 8 7 6 
2 9 2 7 
4 2 12 8 
5 3 7 4 
3 5 8 2 
5 4 2 6 
4 3 7 7 
7 1 6 6 
7 3 8 7 
3 5 3 4 
8702 14188 5923 466 
62 113213 65 1 
1975 118581 241 71 
5149 108042 481 315 
5837 119275 4224 710 
1422 122295 2467 1414 
3426 108209 234 291 
4922 106690 383 499 
16498 6611 5115 1904 
430 1095 650 581 
514 1131 28 1192 
226 628 1728 725 
49 1509 2447 532 
17 1128 715 374 
29 377 614 326 
87 332 121 165 
49 373 151 175 
64 230 340 12 
13 103 53 5 
20 143 189 17 
26 150 168 12 
3 18 214 6 
25 16 19 15 
4 13 44 10 
31 13 1 6 
34 13 6 4 
23 3 2 4 
16 4 7 7 
8 8 1 7 
7 4 10 3 
8 2 7 6 
3 9 12 5 
4 16 5 5 
5 8 5 8 
4 5 6 6 
7 2 8 9 
6 4 8 6 
6 4 8 10 
4 2 3 3 
10578 75814 4588 1694 
737 143795 138 21 
579 162471 120 43 
2390 157207 2081 118 
2430 161727 2574 676 
675 163345 2114 1418 
1535 190958 300 2478 
2293 179199 2464 4391 
1166 773 2564 2558 
231 1442 2732 2506 
30 1613 3422 3310 
66 1099 175 2257 
54 1429 618 1300 
252 345 1738 856 
21 33 981 59 
36 83 40 15 
7 49 92 101 
19 102 18 33 
69 1 115 33 
8 41 5 2 
22 96 73 10 
25 75 38 10 
12 39 65 5 
13 35 0 5 
12 38 6 4 
13 33 2 8 
21 0 0 6 
9 3 5 10 
20 10 3 2 
10 5 13 6 
10 2 1 12 
9 12 12 8 
6 8 5 5 
6 2 6 4 
6 7 11 10 
5 5 8 6 
5 1 5 3 
4 1 4 5 
5 6 5 4 
481 238631 83 60 
366 254834 50 1 
5 265378 145 50 
287 261392 1909 51 
25 266979 2201 386 
95 255337 4133 906 
212 232138 3633 2664 
4973 174881 4235 8328 
63 614 2856 1975 
202 1369 3349 2138 
0 1282 2712 3571 
182 1214 79 2029 
1 975 47 1016 
82 132 96 390 
107 715 713 19 
179 418 570 0 
254 237 310 36 
161 284 196 48 
69 310 48 26 
24 260 15 20 
39 176 42 12 
20 101 48 9 
33 22 32 0 
39 25 15 6 
6 3 33 5 
1 7 2 7 
1 8 7 5 
5 3 6 3 
6 1 2 6 
6 2 9 7 
6 9 5 2 
10 1 6 4 
7 9 7 5 
8 5 2 5 
8 3 10 6 
12 6 4 7 
5 5 2 7 
5 5 5 4 
6525 8241 6062 2649 
327 318406 410 135 
1070 313832 304 80 
1424 315808 837 435 
797 311567 7213 165 
40 312290 2715 486 
562 290570 2283 114 
790 296130 8329 846 
24751 59655 5037 212 
362 693 6928 338 
75 2158 9297 343 
22 4526 2591 1081 
47 915 754 1211 
16 522 734 1175 
102 12 1840 431 
182 137 418 118 
57 85 217 29 
69 201 143 55 
37 128 247 31 
33 152 320 22 
48 109 92 6 
13 72 46 18 
8 30 20 28 
6 33 21 1 
7 16 26 2 
31 6 1 8 
24 0 16 5 
12 2 0 6 
6 7 3 7 
5 2 10 9 
6 5 2 5 
4 3 3 4 
5 5 7 3 
6 5 5 4 
5 2 5 5 
4 8 5 5 
6 6 5 5 
6 3 4 4 
6 1 4 6 
31721 94355 20756 1883 
234 363178 683 141 
737 353386 316 54 
1170 321113 6057 911 
148 355947 11349 320 
583 381415 6480 33 
1610 340762 13230 201 
903 372049 15917 471 
4794 7842 5056 860 
218 2486 13046 226 
260 484 11511 134 
386 1312 347 596 
125 140 688 171 
168 115 721 136 
44 1294 3512 220 
48 419 221 316 
37 477 171 99 
13 272 197 2 
3 315 169 0 
2 368 170 1 
7 195 304 8 
4 9 112 20 
3 29 92 4 
14 0 13 1 
17 4 7 5 
18 10 23 9 
12 1 29 12 
11 8 2 5 
11 21 37 6 
4 10 2 9 
2 6 13 7 
2 0 1 6 
6 2 11 3 
5 4 19 5 
4 1 1 3 
4 2 7 6 
3 3 4 7 
5 7 5 5 
4 7 4 5 
9312 254908 1773 1120 
2416 362378 464 212 
2719 348363 529 145 
575 372422 11684 45 
1717 349637 14256 337 
3622 334267 29880 120 
151 332278 22117 454 
2171 331183 12504 120 
980 1717 18714 329 
51 1005 23614 275 
24 1937 25978 305 
116 1867 716 480 
15 2408 788 210 
50 719 1261 247 
2 44 376 101 
15 83 264 40 
37 28 630 66 
2 38 133 26 
0 70 78 4 
14 127 77 7 
21 6 59 25 
23 1 92 0 
28 7 87 3 
15 9 66 10 
14 7 12 4 
0 8 27 12 
0 25 12 15 
3 12 38 5 
7 3 1 7 
4 17 3 4 
3 8 10 7 
5 3 6 7 
7 0 8 1 
5 4 1 4 
4 8 9 9 
4 8 5 5 
6 3 5 7 
6 8 8 6 
496 519 424 366 
1553 334137 1076 260 
3950 348515 1018 170 
556 338262 970 249 
1381 344452 10333 60 
4862 333624 23754 626 
2711 336340 15527 110 
1 332925 7766 172 
18675 145764 30974 6386 
1028 1055 12397 613 
161 862 11271 452 
263 4171 5215 2575 
208 817 818 1051 
462 799 1103 827 
845 390 395 544 
217 1313 821 196 
248 1173 267 186 
166 833 96 75 
29 200 345 124 
69 69 36 12 
12 148 1 1 
5 2 14 9 
21 4 3 2 
2 4 52 9 
7 47 26 1 
9 36 4 5 
5 23 23 20 
6 20 1 10 
17 0 5 7 
5 2 18 4 
5 4 3 2 
5 4 12 7 
5 1 6 12 
7 1 9 5 
4 10 6 5 
7 1 5 7 
12 2 7 5 
7 5 2 4 
4 7 6 6 
21281 32731 14397 1574 
1323 307975 1010 250 
2184 309180 1091 359 
9438 267555 2408 1411 
2801 313178 27661 511 
35 315688 11756 396 
3787 326273 14260 216 
6788 305097 24726 695 
30769 37150 1397 2808 
993 95 14439 117 
254 333 11805 22 
107 1423 3975 694 
128 431 3643 138 
417 188 2694 207 
59 219 3502 128 
20 104 967 91 
126 1 311 78 
92 129 42 131 
44 92 197 2 
7 114 348 3 
7 217 239 6 
24 151 52 4 
6 98 136 8 
21 127 22 1 
3 71 11 3 
6 37 8 8 
1 33 12 13 
1 14 11 13 
3 10 19 5 
3 3 5 1 
3 4 13 10 
8 5 7 2 
8 4 6 7 
5 5 6 12 
2 11 9 7 
5 8 6 4 
5 2 5 5 
7 2 4 4 
5 7 3 4 
27890 145030 8900 2631 
1755 297832 607 212 
772 316933 1404 383 
1080 329572 15142 124 
4700 318889 12131 55 
4482 313819 23130 840 
1150 323780 29459 515 
1537 322284 6162 170 
474 659 10835 570 
213 979 8989 40 
200 298 8876 29 
326 788 607 162 
469 290 1329 87 
850 152 1221 69 
394 501 580 48 
263 184 524 87 
281 134 280 13 
163 18 296 1 
152 12 765 44 
150 12 231 12 
41 26 197 3 
35 82 71 4 
8 109 111 12 
16 164 6 0 
10 70 7 3 
0 29 2 4 
0 2 13 2 
5 0 0 4 
8 1 7 11 
10 3 4 8 
9 13 9 5 
9 8 1 2 
9 5 8 9 
6 2 8 10 
7 4 6 7 
4 7 7 2 
7 1 6 5 
6 4 5 5 
5 6 8 6 
4065 269472 565 311 
4212 308677 652 244 
3945 298243 1158 314 
17 294321 19630 95 
1656 305097 13645 143 
5033 292692 27346 700 
3073 315790 26174 282 
2068 248547 19006 865 
1540 57 16507 160 
117 337 17171 236 
261 225 18415 81 
127 39 761 4 
194 177 865 37 
415 721 592 2 
193 387 970 42 
101 115 172 40 
34 110 51 16 
44 24 607 41 
113 31 898 1 
85 115 202 15 
44 106 100 5 
22 39 45 1 
6 93 32 3 
2 129 6 4 
5 91 11 7 
28 12 2 8 
27 15 12 7 
19 13 3 2 
15 7 10 3 
8 2 4 5 
6 9 9 2 
3 14 4 5 
10 0 7 4 
8 2 3 4 
9 10 9 7 
8 9 4 7 
7 7 13 5 
6 1 7 5 
2508 2900 2162 1250 
1047 258939 966 242 
4796 271341 1249 324 
3323 253238 437 246 
31 269891 29437 469 
2928 269645 35507 162 
4559 282586 16469 556 
2643 264712 26826 170 
19064 78738 20343 785 
900 712 30651 92 
88 15 34197 58 
167 4184 16317 2071 
104 209 2130 58 
122 233 2395 92 
93 85 1724 10 
38 111 2452 45 
34 70 1737 50 
24 87 755 48 
18 63 419 4 
24 27 40 20 
43 21 64 20 
21 89 13 1 
22 54 10 20 
31 4 16 9 
8 0 12 8 
12 3 30 0 
1 4 6 7 
2 2 12 11 
3 10 4 2 
5 6 18 4 
4 2 1 8 
5 4 5 5 
13 6 5 5 
11 6 11 3 
10 3 3 8 
5 2 6 4 
4 2 6 6 
4 4 7 4 
5 3 8 6 
21123 41487 12220 879 
965 228018 652 206 
4032 239395 739 227 
4537 175816 6852 2480 
345 227478 42366 881 
3801 238433 25292 93 
5398 224083 27106 544 
2247 202628 37311 119 
10908 7329 16714 1708 
1373 2263 41676 567 
448 2840 39155 211 
677 7488 6864 1541 
67 383 799 141 
73 183 1369 124 
25 34 1035 49 
2 92 1797 58 
48 232 1157 36 
62 432 792 20 
59 365 441 13 
60 174 168 0 
47 112 70 26 
3 110 16 7 
0 72 78 1 
4 25 11 19 
23 11 7 21 
34 13 19 0 
32 14 0 6 
11 4 1 3 
10 1 9 5 
11 5 4 7 
8 11 5 5 
5 6 9 8 
6 1 3 6 
6 2 9 4 
5 4 8 7 
4 0 6 4 
4 1 3 4 
4 5 2 6 
5 6 7 6 
13470 130941 1884 974 
1953 227824 656 179 
4259 206467 627 174 
4264 141623 27533 1080 
553 195989 37493 683 
1603 202477 24011 177 
5542 204543 36606 1091 
4635 194269 33450 64 
3424 217 29993 232 
648 291 20567 409 
258 127 18703 524 
171 164 3994 566 
3 347 3735 112 
71 90 4931 57 
182 1 6207 54 
162 4 2776 51 
201 47 3111 29 
69 41 2190 41 
67 18 496 4 
56 76 454 1 
22 83 235 16 
14 108 114 13 
6 46 13 2 
5 29 49 4 
25 2 2 15 
29 1 41 17 
23 18 4 4 
11 1 3 2 
7 1 8 5 
2 3 2 7 
4 6 12 4 
6 6 1 4 
4 3 12 7 
4 3 5 4 
3 5 6 5 
3 8 12 4 
4 5 5 8 
2 2 9 4 
4 3 3 4 
1968 197101 821 244 
625 192651 393 194 
88 194194 680 131 
3930 184824 41480 427 
3332 209341 24333 404 
2357 196998 35390 323 
139 198569 39125 1351 
9406 129715 32697 3647 
842 56 29223 173 
122 543 29010 423 
654 2469 22496 283 
72 296 1605 212 
18 10 1358 112 
21 77 1378 52 
132 137 1826 9 
49 9 23 16 
31 14 80 17 
21 29 198 25 
14 87 217 75 
5 130 224 29 
14 36 63 1 
23 10 16 5 
12 7 46 1 
0 2 36 7 
30 0 20 10 
20 9 19 10 
16 20 4 2 
10 10 14 7 
13 3 17 4 
9 3 2 4 
9 3 8 5 
8 2 5 4 
2 1 8 5 
2 2 4 5 
4 4 9 5 
6 2 3 5 
6 0 11 5 
8 3 2 4 
7598 10033 6514 1965 
609 208837 758 255 
4658 204096 612 147 
1592 230111 2046 516 
325 216827 26545 18 
732 212932 37731 289 
4067 203803 37907 1167 
2410 216521 24779 281 
25564 44765 98307 796 
1019 159 37040 477 
125 1005 43672 1089 
128 9038 15851 916 
274 359 1107 140 
502 439 847 184 
163 116 906 220 
169 194 755 63 
35 104 817 65 
29 80 628 7 
41 194 316 9 
11 68 76 4 
4 47 37 38 
3 28 62 43 
7 2 19 10 
13 24 69 2 
13 19 1 27 
14 8 32 22 
19 4 10 4 
13 6 30 6 
16 7 5 12 
8 4 18 11 
9 1 10 5 
6 6 6 5 
8 1 3 7 
4 5 7 6 
7 6 4 6 
4 3 10 7 
6 3 3 7 
3 2 9 3 
4 6 1 4 
22207 62447 9898 1518 
695 206148 581 66 
67 202662 801 214 
3186 172346 14620 2723 
3607 198098 35029 580 
1167 205352 23123 688 
236 201871 40090 51 
2849 199098 34392 1091 
3115 4010 29494 2714 
64 923 28774 167 
172 162 31010 663 
630 2813 689 1368 
92 195 251 329 
99 201 435 185 
68 508 509 34 
41 127 292 33 
64 180 1119 18 
12 71 302 1 
52 172 54 18 
7 144 114 59 
4 37 67 39 
21 17 64 35 
36 6 45 4 
44 6 15 14 
12 3 48 0 
22 6 3 7 
3 8 17 20 
6 1 10 8 
12 1 10 4 
9 5 14 6 
4 4 6 5 
6 5 8 8 
2 1 1 3 
2 1 10 4 
5 7 2 5 
5 8 13 5 
6 7 3 4 
5 6 4 6 
5 7 9 4 
7972 176843 860 655 
1812 246963 566 274 
4057 240447 1230 283 
946 275306 20472 68 
533 246423 24581 189 
1050 238588 43412 618 
3970 251334 28089 709 
3599 243504 27172 268 
410 972 27697 581 
71 1876 32473 672 
43 1039 37156 576 
195 978 1238 593 
206 1017 1252 290 
446 854 1423 131 
78 719 1770 22 
51 171 815 44 
73 134 1643 42 
80 29 691 4 
41 64 67 30 
12 41 19 13 
41 16 103 7 
59 22 83 1 
58 17 13 1 
17 13 47 40 
3 16 5 16 
4 10 40 3 
3 5 4 0 
5 9 7 4 
7 6 9 13 
8 4 3 9 
10 3 8 6 
11 2 5 3 
8 1 12 5 
10 5 14 6 
6 10 12 8 
4 4 8 4 
5 1 9 7 
6 2 6 4 
119 158 161 117 
1605 239862 955 293 
2242 257411 1053 251 
562 250531 824 182 
1167 246233 24774 173 
3267 256471 31509 203 
2217 250331 39525 1075 
67 272667 22895 702 
13356 134090 67376 1815 
813 2120 25700 1022 
213 737 26806 843 
403 4582 14795 950 
15 1061 1536 176 
1 716 2208 53 
13 347 1912 17 
2 278 1972 10 
18 131 1000 36 
26 79 1148 54 
42 108 470 7 
11 152 66 15 
0 71 99 17 
18 19 35 5 
18 6 64 2 
45 0 6 27 
28 3 68 29 
20 10 24 21 
20 2 3 7 
12 4 20 0 
3 10 0 8 
4 6 11 9 
4 7 5 7 
7 3 9 4 
7 9 14 10 
5 9 9 6 
6 1 15 4 
6 1 6 5 
5 4 11 5 
3 8 1 6 
3 10 7 5 
14313 21691 10765 1593 
1210 243768 1086 332 
2554 235771 1068 255 
2838 278150 5064 1407 
1930 240756 27047 317 
188 236211 31712 8 
2359 234326 41495 1384 
3505 254232 22269 129 
24555 35528 69560 867 
166 50 23230 681 
33 995 25138 590 
189 11064 1796 80 
55 741 2216 132 
86 449 1757 24 
19 504 1958 3 
14 293 1445 36 
15 308 1361 8 
21 392 601 61 
7 180 450 39 
0 92 37 10 
27 36 21 2 
0 59 10 0 
2 28 27 15 
16 90 0 19 
15 12 39 11 
41 4 11 3 
24 23 24 10 
10 15 1 16 
2 1 0 10 
2 6 9 9 
5 11 1 5 
3 12 13 4 
4 7 5 5 
3 2 6 4 
4 1 7 6 
8 3 3 5 
7 4 8 6 
11 6 4 4 
7 5 9 7 
25665 102571 7886 1906 
2708 250024 1493 342 
4143 262532 1366 412 
1782 340300 8094 641 
188 265122 26881 873 
2487 244696 46177 650 
3583 245021 28818 645 
1274 253669 26637 1139 
969 153 37290 196 
76 571 31543 208 
216 583 24752 450 
90 1214 1027 22 
172 398 934 271 
8 497 2032 13 
51 390 1482 6 
34 163 1456 75 
30 169 2644 58 
40 119 403 70 
37 124 136 73 
26 117 2 38 
7 31 21 35 
6 79 3 11 
11 71 35 6 
7 86 0 8 
1 31 27 7 
0 30 5 1 
20 26 14 1 
8 5 8 7 
4 0 6 8 
2 13 13 6 
5 27 4 5 
3 23 13 6 
6 9 0 5 
4 20 5 6 
5 12 3 5 
7 4 10 6 
8 3 6 6 
4 2 3 5 
6 4 4 6 
5092 226444 785 417 
409 247034 1211 190 
492 273880 1340 383 
1764 281840 22732 11 
2876 264132 24728 788 
420 256894 41990 109 
745 270642 27951 984 
5736 240373 37687 1948 
179 304 36320 61 
299 254 30285 217 
154 683 23735 531 
29 1082 835 111 
70 966 1470 352 
89 359 1922 106 
55 347 1613 125 
25 112 1466 105 
57 29 1804 44 
17 100 445 27 
18 39 86 43 
22 7 7 0 
13 30 3 0 
10 49 14 7 
28 44 16 8 
17 76 3 13 
4 34 21 1 
2 10 1 12 
1 5 4 12 
3 5 5 3 
3 9 7 3 
7 4 10 5 
6 17 2 7 
4 17 17 6 
8 8 1 4 
7 0 14 7 
8 3 2 5 
6 8 15 9 
10 3 7 5 
6 1 7 4 
1621 1939 1599 994 
1128 247967 958 317 
757 256259 992 230 
84 255345 976 274 
2397 241088 28600 359 
2877 248177 31494 122 
299 248154 44120 1047 
742 265244 28956 526 
22303 97134 83842 338 
658 1007 29467 874 
205 317 22783 356 
823 6246 11115 1128 
16 649 1142 12 
9 359 1695 2 
0 46 1591 28 
0 201 1539 40 
68 45 2446 1 
77 77 758 12 
13 201 643 21 
53 287 51 65 
10 145 129 27 
7 0 57 21 
11 69 22 0 
3 5 26 10 
0 10 43 30 
5 3 8 8 
16 2 7 4 
13 7 14 12 
5 4 13 2 
4 4 12 11 
5 12 2 7 
5 7 10 2 
5 3 0 8 
6 2 11 6 
4 6 2 4 
4 2 4 3 
5 5 5 6 
5 7 8 6 
5 10 3 6 
22108 39020 11938 628 
1205 235251 618 90 
1165 251905 1019 350 
2301 263950 9854 2822 
2825 252184 37913 149 
2838 250680 27599 444 
907 257742 45793 587 
1291 245057 32830 303 
7824 14637 28467 4333 
286 476 30251 56 
15 263 32882 467 
1171 6243 6157 728 
45 43 130 230 
95 42 94 57 
41 68 199 14 
44 107 589 3 
64 162 921 24 
36 126 429 12 
19 248 127 51 
6 161 77 88 
36 21 15 96 
45 24 16 16 
43 129 12 0 
26 71 31 16 
28 11 16 6 
25 14 3 13 
31 5 33 4 
15 8 2 0 
4 1 20 7 
4 4 4 9 
0 7 10 6 
11 0 8 11 
9 5 5 5 
8 1 2 4 
9 5 12 10 
7 8 1 5 
6 10 15 6 
5 5 0 4 
6 4 3 4 
15307 130298 3108 1694 
2622 218226 1440 315 
2899 228336 911 233 
190 195406 29686 963 
1880 237328 28998 442 
2838 228066 32447 974 
2317 224029 48249 97 
297 230070 30262 550 
335 411 47047 139 
37 641 38495 26 
70 99 41286 35 
161 250 943 292 
7 161 527 124 
24 289 318 121 
4 94 474 46 
59 125 426 52 
66 2 406 31 
42 65 552 23 
20 31 38 5 
33 21 51 25 
30 37 18 59 
14 133 2 38 
11 77 59 0 
7 27 2 2 
1 0 29 18 
1 2 7 10 
5 1 40 0 
5 10 6 7 
4 4 26 9 
6 2 4 9 
8 6 6 6 
7 5 9 2 
7 4 6 6 
6 4 8 6 
9 2 10 7 
7 1 7 7 
5 8 7 6 
4 2 8 5 
4 0 2 3 
2980 204505 847 214 
1392 219637 1789 410 
3942 217398 1036 264 
3114 198207 41040 267 
575 232623 27896 369 
479 217164 46421 1365 
3221 219857 38907 114 
17533 152264 68893 1913 
591 3 53263 173 
150 107 48468 140 
460 955 43027 93 
4 113 1272 112 
16 26 1441 313 
41 46 1106 410 
6 27 1117 144 
68 156 386 100 
29 12 461 47 
47 64 323 29 
15 76 2 0 
31 75 16 18 
35 4 31 33 
25 12 16 23 
29 9 37 1 
22 1 1 4 
16 0 45 20 
2 18 38 11 
3 10 3 11 
1 2 42 2 
4 0 0 3 
5 0 9 4 
5 3 3 6 
3 2 12 5 
11 2 5 7 
5 4 11 5 
8 7 1 7 
6 8 13 4 
5 5 1 5 
6 1 9 5 
5081 6273 4284 1692 
868 218943 872 288 
1981 225561 952 179 
176 241660 2120 621 
2904 227171 29364 4 
3434 224514 38224 685 
966 215008 47635 1080 
196 219800 27964 177 
14165 51555 125156 1565 
1027 141 55971 81 
70 441 55034 193 
308 8709 24404 1651 
41 423 1519 9 
10 460 2125 179 
20 346 1865 112 
15 5 1531 56 
19 19 1159 16 
7 17 629 30 
6 10 545 0 
12 111 59 3 
12 79 31 29 
4 42 30 20 
3 48 10 0 
0 2 72 5 
3 2 17 10 
4 2 45 11 
8 7 0 3 
9 0 43 8 
14 7 11 6 
9 7 24 10 
6 10 9 5 
3 10 11 4 
3 6 7 6 
1 0 4 4 
3 2 7 5 
3 3 4 3 
5 4 6 5 
4 6 5 6 
6 1 5 6 
22749 55185 11991 1117 
1231 222406 1359 476 
4363 224992 963 243 
1247 268727 4789 767 
546 219856 30586 242 
1273 203961 46479 836 
3714 204126 29887 518 
4222 195869 39084 70 
8518 1768 71744 3161 
367 1090 46709 536 
14 1433 46106 75 
817 6095 7292 1353 
14 403 607 4 
153 139 270 37 
39 109 390 63 
5 64 336 24 
9 69 472 9 
5 3 173 1 
5 55 196 7 
8 39 10 16 
2 50 2 5 
3 2 26 5 
8 19 153 21 
6 56 35 3 
12 71 57 2 
19 44 3 6 
32 8 22 10 
0 0 23 7 
0 4 4 6 
5 1 12 6 
5 8 9 6 
7 12 8 6 
11 10 10 5 
10 3 12 7 
6 4 12 6 
6 7 3 4 
8 7 14 6 
7 1 1 3 
6 2 8 4 
10326 163925 1407 977 
506 218735 997 226 
145 234261 977 304 
3510 256094 18244 1262 
3986 213983 44029 161 
629 220264 34599 1085 
350 208924 26751 416 
3157 185662 52998 290 
217 624 43262 107 
1 1064 39666 402 
28 965 39595 274 
10 491 1556 181 
60 210 355 1 
79 130 623 7 
14 113 563 9 
10 46 1045 41 
3 64 487 14 
9 26 545 8 
8 22 128 1 
7 29 101 7 
15 13 5 3 
13 1 60 23 
21 13 61 8 
5 16 22 0 
8 21 22 2 
0 5 19 7 
0 3 20 7 
0 17 63 3 
1 13 18 5 
6 5 17 5 
7 1 1 7 
6 0 24 3 
7 4 2 5 
9 7 6 4 
8 4 7 6 
6 4 4 6 
7 2 6 5 
6 6 6 8 
69 84 83 73 
1299 230044 838 254 
2760 242568 417 92 
226 241923 1059 284 
1848 230876 32028 7 
2986 235847 33226 684 
1002 225484 49323 334 
171 234081 32135 577 
10820 135061 92634 5902 
1221 685 49968 154 
336 114 45825 105 
586 3992 37586 1222 
48 432 2041 57 
81 417 2684 45 
77 116 3019 53 
32 70 2598 19 
24 81 1380 40 
17 97 1441 60 
1 199 502 48 
15 67 305 39 
6 14 71 6 
7 45 88 1 
31 69 33 10 
7 22 37 11 
0 18 3 12 
3 21 51 10 
4 19 5 2 
3 6 42 3 
0 13 6 5 
10 6 0 3 
8 4 12 8 
8 0 2 8 
7 5 13 4 
5 10 4 6 
6 4 3 4 
6 1 6 4 
8 9 10 5 
5 3 5 5 
3 1 4 4 
12000 16823 9301 1853 
802 245027 836 242 
4352 239131 734 206 
486 277358 3486 981 
27 230754 27596 149 
1414 221395 38988 1014 
2851 216807 49968 87 
1169 229151 30401 521 
20219 34575 98258 2965 
344 859 38065 275 
171 341 41552 100 
93 7336 14830 1861 
50 239 1425 14 
32 146 1070 44 
126 20 1197 82 
40 190 975 4 
59 116 1034 30 
1 131 547 24 
2 92 197 7 
0 60 178 5 
2 42 135 41 
7 95 62 25 
10 30 54 2 
10 27 6 6 
6 14 21 13 
16 14 0 6 
10 2 20 4 
16 29 3 2 
13 33 26 4 
6 23 5 10 
6 11 22 10 
2 1 0 2 
6 0 18 8 
5 5 2 9 
4 9 8 8 
5 4 6 4 
4 2 4 3 
5 1 5 6 
3 4 5 8 
24357 85919 10304 2180 
633 249707 963 201 
978 248302 920 208 
2735 331958 9411 602 
2695 240625 32634 157 
522 229865 49513 964 
1347 230958 32685 310 
3008 227923 31935 555 
1643 885 46674 673 
98 363 36271 375 
201 576 30079 341 
782 3821 4118 172 
128 386 1184 0 
236 200 1545 58 
186 540 1323 20 
17 98 1281 58 
29 139 698 10 
10 191 616 15 
27 109 163 32 
37 31 226 16 
9 81 191 32 
44 119 70 20 
31 25 42 0 
42 0 55 4 
16 7 0 1 
20 6 36 12 
14 16 0 11 
15 36 30 10 
16 9 1 5 
7 1 15 2 
3 17 28 7 
3 12 0 5 
7 4 19 7 
6 0 2 7 
3 3 8 4 
5 5 5 5 
3 2 6 5 
6 2 2 5 
5 4 11 7 
5932 182202 604 384 
3600 222110 1124 414 
2672 217074 980 206 
1286 229541 32976 1348 
2688 222954 52800 119 
4523 233870 28773 971 
3429 228317 44803 481 
2141 196112 41627 246 
958 380 35161 403 
93 58 34653 613 
155 206 37147 933 
151 423 333 216 
140 409 406 89 
271 444 391 29 
161 126 664 12 
235 2 923 1 
49 49 393 91 
17 20 222 32 
30 8 207 20 
26 13 257 4 
20 23 85 1 
28 13 87 22 
15 25 10 16 
1 38 0 1 
3 37 34 5 
0 29 4 13 
6 7 15 5 
13 0 23 4 
10 2 1 4 
7 6 15 6 
5 10 0 4 
5 3 14 6 
5 3 2 6 
4 4 18 6 
2 12 0 4 
2 9 16 7 
4 5 0 5 
6 2 19 5 
495 584 513 401 
1434 221560 1157 345 
305 224972 737 261 
659 225526 1191 276 
4667 225045 44748 552 
3831 237428 32000 812 
1455 218707 52813 68 
456 228205 34380 1180 
18504 96404 94541 3697 
919 232 41342 627 
73 268 37842 227 
1084 3852 24110 2473 
71 272 671 115 
82 480 103 15 
69 321 410 11 
42 397 396 83 
60 47 252 39 
55 60 109 51 
16 54 154 12 
93 80 51 14 
73 147 59 7 
71 162 139 25 
109 41 2 7 
57 8 23 2 
28 3 45 8 
21 6 40 4 
35 0 1 6 
20 3 28 6 
21 1 4 3 
13 4 13 8 
10 9 3 6 
7 8 9 2 
3 3 5 4 
3 4 9 2 
1 8 4 4 
5 5 11 6 
4 1 5 6 
6 3 6 3 
6 5 3 6 
16295 25026 10028 922 
1204 215989 628 147 
4242 220192 1055 301 
916 252868 3392 755 
51 231949 27886 124 
3384 218028 50435 1279 
5184 216014 37968 88 
1048 222924 30445 610 
12312 19499 78604 3461 
820 16 33350 355 
14 98 29156 297 
477 6465 4605 751 
15 119 359 23 
9 486 24 3 
102 104 102 4 
1 29 191 9 
0 4 36 89 
19 18 212 70 
7 35 171 7 
31 98 29 10 
21 254 25 40 
90 154 36 13 
82 123 46 24 
51 52 37 13 
25 29 27 1 
18 21 42 7 
2 6 7 10 
0 2 28 2 
18 21 19 4 
8 10 5 3 
5 4 4 11 
8 0 4 7 
7 3 8 4 
4 8 3 5 
6 11 9 7 
6 5 6 6 
3 3 11 4 
5 1 6 6 
5 4 6 5 
20708 106304 6277 2134 
510 239952 692 249 
1043 225597 822 170 
4565 271318 9072 1521 
4423 222602 44340 73 
462 220645 44811 891 
898 236014 23351 0 
5191 225511 41324 868 
1840 249 31755 113 
280 579 31766 263 
7 121 23294 484 
331 1027 753 6 
35 301 559 112 
134 503 458 23 
29 131 257 46 
13 92 197 79 
5 21 114 22 
53 9 151 37 
70 2 49 8 
115 93 15 0 
65 218 46 61 
88 139 61 23 
103 38 19 4 
48 52 61 10 
22 51 5 7 
13 22 34 9 
56 0 17 7 
31 0 6 0 
20 0 6 9 
12 4 7 9 
8 10 3 6 
14 8 6 6 
6 1 3 9 
7 8 4 6 
6 9 9 8 
8 3 5 8 
7 2 10 5 
5 2 2 5 
4 6 9 8 
3800 207341 703 339 
2870 234638 640 241 
893 234711 1103 318 
64 259948 31638 531 
3963 233897 48069 693 
4994 236941 29360 507 
1242 238155 27860 73 
2168 191908 27293 1441 
1858 290 28571 410 
6 2 28935 216 
255 282 20855 712 
120 237 1053 83 
15 135 286 37 
43 8 328 75 
111 42 446 75 
68 52 166 78 
8 21 261 80 
16 15 132 6 
24 4 65 0 
18 95 23 47 
35 172 90 59 
78 128 76 15 
48 60 64 17 
17 53 12 5 
24 39 44 4 
14 14 2 7 
20 4 20 4 
9 0 7 4 
12 0 8 10 
3 7 4 5 
6 0 5 11 
5 2 8 5 
7 7 3 5 
5 8 10 7 
8 4 2 6 
6 0 12 11 
4 4 1 3 
5 6 6 5 
2703 3084 2283 1283 
1258 225469 1061 295 
4507 228327 928 255 
5780 220671 444 181 
1649 238726 39605 241 
123 231332 42633 1019 
3138 244734 23500 323 
5430 238237 41382 264 
31748 80720 7313 2452 
2050 616 28863 706 
216 109 28350 350 
1578 3398 9344 2188 
57 342 649 79 
23 188 393 34 
131 124 371 118 
89 33 733 69 
16 83 190 91 
46 33 396 63 
66 99 276 15 
34 63 138 0 
58 136 53 22 
47 104 208 49 
59 15 40 10 
36 21 127 10 
15 13 10 1 
22 32 28 8 
10 55 5 6 
5 24 13 7 
19 2 2 4 
2 4 6 13 
1 17 7 6 
4 12 6 3 
6 4 3 4 
8 1 9 7 
6 0 1 3 
4 4 0 4 
5 6 11 5 
7 1 3 7 
8 1 9 4 
20376 38985 11701 939 
778 233976 1302 358 
95 234656 964 293 
2471 170593 5370 3116 
5803 226346 48417 110 
2371 236842 29768 729 
33 248655 29838 231 
4028 238490 48216 630 
7713 18265 13463 4089 
1842 1945 38823 348 
209 502 40286 701 
1630 3445 4027 145 
135 308 433 94 
149 536 696 65 
161 36 1036 34 
41 20 444 10 
33 12 383 2 
5 1 399 3 
48 6 178 24 
36 108 237 25 
24 189 137 39 
33 81 308 37 
70 29 63 5 
73 19 117 1 
31 54 23 6 
31 57 3 1 
29 43 12 5 
29 1 7 4 
20 2 4 16 
16 5 8 9 
5 7 5 4 
7 1 8 6 
7 3 8 4 
7 5 6 4 
3 8 8 6 
4 7 3 4 
3 4 13 4 
5 1 2 7 
9 8 1 6 
15433 132405 2302 1125 
2753 211647 1015 145 
1598 224573 933 317 
975 156641 28221 1782 
3343 214424 44425 459 
4638 223337 24961 540 
3316 226396 45556 74 
149 235889 48869 880 
1886 2128 50021 378 
435 486 51177 148 
101 791 52428 609 
2 583 1485 397 
1 538 1361 95 
28 177 1482 65 
81 73 1612 25 
74 58 398 38 
0 6 331 9 
21 94 422 4 
11 179 291 94 
31 140 158 44 
34 65 307 7 
68 18 162 5 
51 27 151 13 
39 117 9 11 
30 45 23 9 
18 67 0 4 
14 15 17 3 
0 2 1 6 
0 3 1 17 
5 6 8 5 
5 5 6 3 
13 11 2 5 
13 1 17 6 
10 1 1 4 
6 3 19 7 
9 8 0 7 
8 1 2 5 
7 1 12 6 
7 5 1 5 
2761 218183 1044 312 
2062 237404 1876 417 
4884 223706 710 160 
6093 202176 53191 774 
626 228304 31797 474 
912 228952 33210 766 
6719 233016 51763 25 
21757 173829 44744 1026 
1755 1178 54201 917 
122 1236 59561 402 
1131 4313 46280 938 
186 591 1808 214 
76 958 1754 182 
86 181 2029 210 
14 177 2021 66 
23 186 815 6 
3 53 569 3 
11 11 503 14 
6 162 186 46 
0 199 135 37 
0 94 184 2 
3 44 167 1 
38 50 107 16 
58 104 13 10 
37 64 16 4 
1 28 14 9 
8 25 4 6 
5 14 2 6 
3 6 11 2 
13 4 5 5 
8 2 5 6 
5 2 16 7 
6 5 22 9 
7 2 2 5 
7 2 21 4 
6 4 1 5 
6 5 15 6 
7 6 1 6 
7031 8430 5429 1739 
1177 237955 1129 312 
1340 237544 1291 361 
1166 245293 3579 1466 
3293 229930 45452 355 
5406 239431 27713 97 
3349 240635 48375 904 
192 251041 42794 12 
10540 61631 82676 274 
2606 489 58415 575 
266 1046 55813 582 
68 11572 21464 412 
69 586 1683 41 
75 783 1981 44 
51 86 1962 36 
66 103 1684 48 
30 58 658 27 
40 13 575 13 
22 44 615 18 
40 207 358 55 
18 109 397 75 
23 4 191 12 
21 7 157 3 
28 56 64 18 
10 43 32 9 
6 33 1 2 
3 3 40 3 
1 6 0 2 
2 17 22 4 
5 9 0 10 
7 2 16 1 
9 3 3 2 
6 2 18 6 
8 3 2 6 
4 3 17 3 
5 2 1 5 
3 2 14 5 
4 5 4 6 
7 4 14 6 
26062 62710 11969 1192 
1487 255954 1322 435 
3248 246877 1213 342 
4623 329489 10067 768 
1735 250491 26878 456 
100 242904 49159 187 
4467 274479 36930 983 
7849 260243 33086 566 
11543 8455 71083 896 
861 511 45608 236 
22 1371 48507 368 
874 6641 5274 741 
4 665 1238 20 
5 447 2525 25 
9 32 3371 44 
5 48 1314 24 
8 39 885 125 
6 67 1221 132 
26 4 607 94 
22 42 678 16 
1 41 636 96 
8 48 230 12 
0 6 156 7 
10 34 63 20 
22 1 48 8 
14 5 11 2 
13 1 35 4 
5 19 34 11 
7 6 0 2 
5 0 15 3 
4 8 0 4 
3 4 15 6 
5 9 0 6 
4 5 16 5 
9 6 17 5 
9 8 4 7 
8 3 17 5 
3 0 1 4 
5 1 11 4 
9643 180277 1338 912 
1739 242412 1519 235 
650 259099 1209 396 
263 311556 20806 969 
4112 259732 49816 1199 
5267 272308 43563 164 
2382 283040 28521 315 
91 255736 57128 1154 
2698 866 41869 697 
562 1491 39543 386 
284 541 45354 161 
86 1507 1482 101 
69 766 2737 97 
57 128 3521 25 
53 20 3785 150 
22 41 1298 113 
10 20 1084 103 
0 1 1420 117 
16 18 757 37 
28 44 763 26 
23 29 292 62 
30 4 312 30 
21 15 71 1 
19 13 101 13 
32 3 5 12 
12 12 59 5 
7 34 1 8 
10 18 19 8 
18 5 8 1 
9 0 4 6 
8 1 3 4 
6 4 8 4 
6 8 1 3 
6 8 12 5 
5 3 1 5 
6 0 13 5 
9 2 1 4 
5 7 15 6 
140 149 94 91 
2075 245343 1104 318 
799 251619 1335 351 
3352 263634 1282 412 
6064 271657 45542 469 
3540 269251 48199 1105 
99 291129 26870 389 
3556 281579 47508 185 
27538 145553 12106 3507 
2365 1384 34603 448 
206 315 36696 364 
679 1779 22346 1339 
14 171 2094 52 
46 304 2369 80 
20 153 2760 40 
22 15 1813 53 
20 86 890 56 
10 0 1045 58 
31 40 1082 39 
110 23 842 20 
130 0 424 0 
88 6 250 0 
20 3 221 4 
19 20 108 12 
31 23 51 4 
40 4 5 3 
27 2 19 4 
11 10 6 7 
10 12 10 5 
1 2 5 6 
1 0 8 9 
6 4 5 3 
6 14 6 3 
7 13 7 7 
8 4 3 7 
3 0 8 4 
8 12 11 7 
10 8 5 7 
7 0 11 6 
13216 19360 9599 1636 
1189 257475 1236 336 
5441 263861 979 300 
6961 259529 6387 2824 
471 265966 45970 545 
1327 289258 25731 33 
7386 284646 48160 944 
6196 288583 46347 57 
27764 51646 36150 782 
1001 521 30504 515 
226 119 33882 359 
17 4153 7983 1143 
1 86 1502 27 
3 152 1093 27 
8 108 1456 56 
20 77 733 5 
0 48 1203 48 
37 35 830 37 
40 272 1136 5 
126 211 565 10 
84 2 290 44 
66 3 74 14 
81 63 132 2 
58 39 115 8 
30 0 12 14 
26 0 7 1 
16 15 9 8 
15 10 7 6 
19 8 5 4 
9 9 4 9 
3 1 12 6 
1 0 2 1 
6 4 7 8 
2 12 5 5 
6 17 5 7 
7 5 7 4 
8 0 0 3 
6 1 7 5 
5 7 0 5 
24565 95567 9797 2406 
996 262161 662 254 
246 264508 972 200 
1223 333620 20723 598 
6281 279515 27204 466 
6558 279230 44542 261 
698 276642 46264 895 
1156 282522 27887 500 
87 3966 46995 256 
1152 1262 34885 417 
175 734 31842 412 
337 536 1027 34 
23 161 74 3 
26 51 54 48 
40 28 94 6 
1 99 399 4 
15 107 535 17 
6 262 558 15 
14 278 649 17 
39 350 290 3 
2 137 64 30 
1 74 94 17 
1 69 64 4 
11 0 68 10 
12 4 11 10 
9 10 7 2 
2 5 0 5 
2 3 6 5 
0 8 7 4 
1 3 10 3 
8 7 11 4 
3 1 7 6 
1 1 10 6 
4 2 9 4 
6 5 2 4 
4 8 7 5 
7 7 4 6 
4 2 3 7 
7 2 7 4 
5148 220370 710 459 
3479 281520 905 403 
5055 259065 940 209 
2467 306986 21719 406 
19 249772 45595 634 
3548 246922 42269 512 
6007 241417 27067 267 
6918 213172 38273 1159 
1579 416 29888 243 
516 252 32110 48 
155 1096 29455 260 
35 301 1152 3 
96 258 621 9 
108 27 699 9 
23 87 434 77 
8 108 167 101 
12 94 122 37 
7 330 624 4 
3 148 283 40 
7 262 169 26 
3 153 58 20 
3 88 75 0 
20 37 101 6 
9 19 27 1 
1 9 19 7 
0 1 10 4 
1 19 26 8 
2 20 2 4 
7 6 11 7 
8 9 2 8 
13 9 13 2 
13 3 4 5 
12 1 21 7 
9 3 6 7 
4 4 8 4 
4 8 4 4 
4 7 8 7 
5 4 6 4 
1053 1052 769 466 
1622 250655 778 185 
422 255469 976 316 
3324 257690 578 92 
4594 261815 30879 14 
2832 247830 55987 1549 
4 244579 35809 8 
2367 239500 33287 843 
27509 82868 41087 4412 
1622 514 37335 559 
163 412 35158 279 
667 6057 13677 1070 
21 254 1359 10 
175 272 1747 18 
128 33 1468 48 
160 172 1093 295 
62 55 702 76 
27 106 395 39 
2 207 433 23 
10 147 162 25 
13 191 192 24 
1 162 92 13 
26 49 79 5 
25 1 132 17 
34 5 28 1 
1 21 12 1 
5 51 27 5 
9 20 0 6 
11 2 16 5 
13 4 3 1 
12 1 9 12 
5 2 3 4 
13 6 9 6 
10 4 4 4 
6 7 17 7 
4 3 7 5 
4 4 9 4 
4 3 7 3 
6 3 10 7 
19571 33190 11704 986 
1352 249648 1061 231 
2207 259182 1219 405 
1602 196883 3010 2297 
1669 250529 54934 278 
4787 248859 40663 1102 
4034 245838 30507 201 
590 241571 54119 601 
8963 14078 16347 3701 
804 71 45369 460 
154 1367 42990 285 
301 7386 6833 613 
59 731 4582 15 
66 823 5169 103 
121 13 6117 146 
22 62 2324 97 
26 51 1181 51 
29 48 681 26 
2 88 484 75 
12 17 351 55 
22 46 125 1 
3 50 92 11 
17 10 166 5 
3 9 52 12 
0 8 46 1 
8 0 2 11 
7 14 23 10 
7 34 0 4 
9 7 11 5 
5 1 5 4 
8 5 7 8 
8 7 5 5 
4 3 6 6 
4 1 11 9 
3 1 9 2 
6 4 11 5 
6 4 9 5 
8 3 10 8 
3 4 7 4 
20217 127600 5330 1769 
1652 273184 1569 300 
4125 266773 1010 319 
8167 220656 19210 1829 
970 250152 56578 608 
591 258691 31250 746 
3144 247891 34923 91 
4457 242224 53792 1181 
2415 95 41219 183 
1230 700 46285 83 
103 1570 45526 319 
413 924 2872 107 
89 972 3944 91 
175 338 6891 78 
63 42 6143 127 
19 59 1846 31 
18 10 1189 16 
7 49 686 2 
2 19 547 54 
33 46 245 46 
28 83 127 19 
20 97 79 4 
5 23 199 15 
9 4 61 7 
1 6 28 12 
0 6 17 5 
4 19 29 8 
1 18 2 7 
2 4 5 3 
4 1 5 8 
7 11 13 4 
10 6 1 5 
13 5 18 5 
3 5 13 6 
7 7 7 6 
9 4 11 5 
8 3 5 7 
8 4 13 8 
6 3 1 5 
2891 249329 774 319 
2334 267458 777 281 
369 283593 1260 398 
1388 262594 48289 784 
4400 267488 44187 305 
5295 264651 26162 721 
1982 248872 46820 119 
3517 180244 26951 395 
986 83 37174 378 
228 1211 37923 169 
393 2210 31215 485 
21 571 4858 40 
23 721 4421 6 
45 154 5914 10 
108 142 4389 50 
126 24 1836 73 
45 178 741 50 
40 343 1089 5 
34 193 534 77 
27 91 381 16 
30 268 130 0 
22 153 92 18 
2 6 94 5 
8 2 20 0 
25 8 5 10 
15 4 11 9 
6 14 14 8 
6 20 9 6 
4 7 5 6 
6 8 7 7 
5 10 6 6 
0 6 1 3 
0 6 19 6 
4 4 2 6 
5 1 10 4 
6 2 9 7 
8 5 12 6 
4 7 5 6 
6118 6858 4401 1549 
1624 276795 1046 207 
826 281167 1052 338 
6549 295950 3595 1481 
5225 271332 41132 811 
1775 280315 23714 128 
35 253088 42928 568 
3499 261377 41016 590 
29198 58937 61378 314 
2210 1825 28585 563 
106 1028 32633 249 
169 4552 10155 2672 
14 472 1803 36 
111 268 1888 24 
64 204 1581 60 
71 201 2256 17 
33 255 572 5 
95 139 642 9 
37 366 915 4 
36 191 467 11 
46 176 375 17 
0 197 107 5 
14 84 48 11 
9 5 68 5 
28 2 0 5 
17 4 29 8 
15 27 0 4 
2 3 15 5 
6 7 14 5 
4 5 0 3 
6 5 7 7 
8 4 3 3 
5 4 5 6 
5 8 8 5 
4 8 2 4 
5 0 0 6 
6 2 15 6 
6 12 0 7 
4 9 14 4 
28628 67409 14003 1142 
2127 274669 670 213 
4001 275859 1276 355 
857 351076 11894 752 
258 277159 22675 323 
3504 258383 39904 816 
4736 256353 41316 479 
1567 264331 23962 966 
8037 2108 54923 2313 
1350 2950 31693 909 
11 1109 34826 301 
847 2454 1871 799 
33 371 1059 84 
170 156 577 82 
61 49 1405 69 
76 25 691 59 
29 180 223 22 
2 62 666 38 
7 58 811 19 
11 129 308 18 
27 217 344 24 
9 141 39 1 
22 21 129 10 
37 12 6 8 
3 7 0 7 
0 5 21 6 
3 23 0 1 
5 4 16 4 
1 0 4 7 
3 2 18 8 
2 4 1 4 
6 1 5 6 
5 3 0 5 
3 2 13 5 
4 0 2 4 
5 2 13 6 
6 12 3 6 
7 10 19 5 
7 4 4 6 
11295 191965 2256 1179 
1213 294202 898 473 
3602 267216 963 239 
2031 307878 22183 29 
1883 278822 28302 608 
221 256905 49668 306 
2702 271214 30488 958 
6548 264012 31021 926 
1444 1048 32587 390 
484 2315 29641 346 
78 986 33829 679 
62 658 597 109 
10 378 1586 112 
34 143 2136 37 
29 231 2469 21 
67 87 629 8 
65 79 514 25 
56 43 633 1 
28 65 1014 7 
41 86 328 2 
32 69 140 23 
23 17 61 2 
34 40 14 1 
30 19 20 6 
38 0 4 5 
12 16 13 4 
12 16 7 1 
16 4 16 8 
15 1 9 7 
2 5 2 6 
5 1 18 6 
8 0 2 5 
9 0 13 7 
9 3 4 5 
9 5 14 5 
4 8 9 6 
5 0 12 3 
7 2 2 6 
88 94 107 89 
1829 273086 1036 350 
2034 267753 665 129 
72 275395 1296 388 
2035 284909 26073 26 
4340 266607 44057 1191 
4284 266036 47741 59 
233 285902 24589 958 
11214 147540 61199 6507 
1542 1670 34339 447 
23 826 33175 114 
875 817 21218 1635 
80 497 1378 98 
4 313 3029 88 
0 165 2342 29 
27 95 1818 100 
1 106 542 9 
2 3 538 15 
2 66 962 27 
25 25 1198 15 
38 39 312 26 
16 85 191 3 
17 75 50 11 
7 8 76 10 
9 2 3 7 
5 6 23 7 
17 10 16 4 
6 21 2 5 
10 10 13 8 
10 4 0 7 
11 2 16 7 
11 5 1 5 
12 3 5 6 
3 7 1 3 
6 0 14 5 
10 1 3 5 
7 3 13 8 
6 7 1 6 
8 10 14 7 
13186 17629 9133 1723 
1294 274217 969 249 
4531 270772 1328 405 
1228 306972 3190 641 
330 278287 26799 162 
983 262543 49813 1471 
4527 265802 45934 216 
4705 272532 29925 1532 
29487 33788 109518 3610 
1506 1230 43219 711 
67 492 43872 557 
152 2708 9872 1966 
33 545 1063 78 
12 437 2082 49 
25 265 1998 41 
51 124 1137 69 
26 179 186 8 
70 60 517 11 
14 139 827 15 
41 166 595 11 
16 70 486 21 
10 109 72 12 
4 25 194 0 
0 0 33 7 
16 5 8 11 
2 13 8 5 
2 38 1 1 
6 26 16 4 
8 2 1 9 
7 2 16 6 
7 4 4 5 
15 3 9 6 
17 2 0 6 
10 0 20 6 
5 2 0 3 
5 4 20 5 
5 8 3 4 
6 8 18 7 
4 5 13 6 
25740 99165 11638 2352 
987 282571 850 130 
375 269836 1099 267 
3711 364579 10870 580 
5225 266384 32951 269 
2116 260567 56518 1087 
159 273812 35939 496 
3573 263946 39367 1380 
1785 291 52837 487 
565 1195 48768 681 
133 525 48844 912 
363 463 1581 170 
99 477 1879 136 
139 174 1099 117 
7 77 2649 68 
0 36 371 32 
1 127 97 19 
11 128 361 28 
4 214 759 29 
29 159 506 29 
17 63 304 21 
1 139 84 0 
1 41 158 12 
8 8 12 8 
0 3 29 7 
0 10 1 6 
0 0 31 10 
16 18 13 10 
9 2 2 7 
10 3 22 5 
13 5 1 4 
8 1 11 10 
8 7 8 3 
4 10 3 7 
9 1 0 4 
7 4 18 6 
6 8 0 6 
5 16 20 6 
4 4 0 4 
6441 225738 442 341 
3979 285347 967 424 
3970 265554 1012 314 
2433 305306 24045 574 
504 259696 52611 575 
5341 264281 37919 729 
5100 276112 27174 30 
5325 234868 44648 655 
1379 1284 39794 403 
520 1882 40006 265 
201 1868 30902 699 
110 288 258 142 
4 315 637 123 
10 55 302 29 
79 101 686 20 
51 72 76 18 
23 76 74 3 
4 71 92 15 
17 104 1039 13 
10 19 221 18 
16 80 151 8 
23 40 34 4 
13 5 95 12 
21 17 3 11 
22 6 7 11 
14 5 6 8 
7 0 7 8 
17 8 18 6 
23 12 7 5 
19 6 13 5 
9 4 11 6 
8 5 2 3 
9 5 9 3 
6 5 4 6 
4 5 12 5 
4 8 1 3 
2 4 10 5 
3 2 2 5 
630 726 548 445 
1649 272104 1080 231 
195 262874 854 219 
1805 267345 1108 379 
4988 269821 45786 555 
3920 271592 44082 422 
783 291846 25599 833 
559 288671 47106 12 
20572 118209 8410 1427 
1640 1445 35571 313 
181 1423 35952 60 
1015 6959 10998 2045 
162 492 1425 34 
51 484 1893 5 
1 35 1758 9 
65 243 1156 117 
3 246 378 12 
13 51 181 13 
10 59 79 0 
6 8 778 8 
19 145 145 11 
3 155 85 0 
6 21 94 2 
15 53 19 9 
14 54 3 2 
14 8 9 6 
15 0 1 3 
10 16 24 3 
10 9 3 11 
13 7 13 4 
14 7 3 5 
12 7 11 5 
15 13 3 3 
7 5 17 6 
9 2 0 3 
4 1 14 4 
7 9 12 5 
5 2 0 3 
5 2 9 6 
19868 34520 13394 1319 
1341 271441 1018 253 
4227 268252 1132 364 
3907 241996 8107 2972 
650 266626 43351 490 
2816 284590 22254 111 
4522 290974 44467 1394 
2176 297886 46882 32 
15022 30572 30807 1644 
413 110 39556 423 
45 402 42749 298 
515 4792 5646 399 
132 280 3186 13 
12 350 3379 101 
7 14 2889 65 
69 19 688 179 
13 147 390 60 
4 29 14 13 
11 74 220 27 
25 8 448 16 
20 192 98 2 
13 123 9 0 
13 70 38 13 
5 33 29 3 
6 47 3 7 
22 14 15 9 
4 3 4 3 
10 5 7 7 
8 13 7 4 
7 13 3 4 
1 8 11 4 
2 7 3 6 
0 3 9 8 
3 1 4 8 
3 4 16 8 
3 7 5 6 
3 10 7 6 
2 3 7 6 
5 2 5 5 
21557 131351 7589 2417 
1184 290551 1213 376 
2205 268869 1144 340 
4151 224875 27180 802 
2224 277411 32736 158 
19 280363 27852 286 
2228 280782 46944 1269 
3932 301034 36153 19 
1318 1456 42619 430 
225 1108 44127 257 
37 410 41445 251 
202 135 2215 6 
103 419 3606 14 
134 295 2963 31 
18 18 2713 73 
10 34 770 6 
6 10 293 26 
13 42 22 1 
23 8 659 18 
25 51 325 6 
2 161 66 5 
4 138 35 15 
1 139 45 13 
15 93 7 5 
7 74 6 2 
7 8 5 7 
5 5 10 3 
1 10 14 11 
2 3 6 8 
0 2 9 6 
9 7 8 6 
4 11 6 3 
1 4 6 5 
3 5 8 5 
2 4 6 4 
4 2 5 4 
5 2 5 4 
9 2 16 6 
5 3 2 5 
3256 250483 677 293 
2641 261772 874 365 
937 264438 994 238 
1707 251812 42686 470 
3916 269052 25710 335 
3577 280379 45639 336 
1328 286768 39799 1120 
4651 230213 57766 2448 
1086 319 45090 188 
463 253 51514 24 
51 2451 38432 776 
250 199 3637 37 
92 634 3179 24 
45 64 2513 4 
12 67 1720 89 
3 6 480 65 
16 10 121 30 
12 7 29 19 
14 20 743 5 
16 167 155 2 
6 194 36 8 
8 95 42 1 
5 122 56 14 
9 83 10 4 
17 42 8 4 
14 13 1 4 
3 10 15 8 
8 13 1 10 
6 5 8 5 
10 2 8 6 
6 2 3 3 
1 0 12 6 
3 2 2 2 
4 3 18 7 
3 3 0 5 
4 5 14 4 
7 8 1 6 
8 4 15 6 
3639 4068 3045 1390 
1518 271682 1165 320 
2135 262658 1449 431 
2994 285883 2266 581 
2577 269938 24989 336 
472 270991 34493 604 
1732 282072 48253 533 
3290 281627 27105 1191 
33191 86284 116312 1107 
519 138 46583 701 
95 692 49867 410 
648 7567 23435 1935 
171 533 1818 44 
154 680 1518 14 
84 5 1290 33 
31 4 214 199 
14 32 154 82 
24 26 301 19 
5 48 159 13 
85 37 234 2 
52 168 106 10 
6 207 11 28 
3 262 37 8 
16 164 56 5 
24 67 16 13 
0 44 11 11 
1 31 3 4 
1 9 14 10 
2 5 1 9 
5 6 13 3 
6 6 2 2 
5 3 12 5 
12 6 9 6 
10 3 4 5 
6 1 2 4 
7 7 14 8 
2 11 2 5 
5 10 14 5 
3 4 2 3 
25832 59371 15443 1379 
1336 274242 893 260 
3421 273539 1098 246 
96 326334 3660 794 
1518 283307 33399 73 
4689 274921 46922 1324 
2662 291542 23878 21 
468 277411 38096 1635 
4128 9977 59046 4696 
304 1449 43889 993 
89 730 40874 705 
1164 4214 4798 284 
76 535 360 147 
109 204 226 96 
143 11 130 44 
25 90 86 8 
109 123 853 26 
68 78 265 1 
12 7 499 6 
37 46 172 5 
31 155 27 19 
4 254 3 19 
5 305 18 3 
11 182 40 8 
4 84 3 4 
4 12 8 5 
0 1 10 7 
0 2 6 1 
5 2 9 5 
7 1 6 8 
8 3 7 5 
5 6 9 8 
2 3 2 6 
5 0 7 7 
4 7 7 10 
7 12 8 5 
4 4 8 4 
6 5 8 6 
6 1 4 3 
15386 177897 3571 1729 
1007 298788 1088 479 
2255 282769 982 226 
5910 340165 12198 1070 
2825 285559 42622 368 
52 295906 38402 1073 
1590 305190 20420 28 
5495 294843 48757 1362 
388 842 36337 160 
220 2347 42078 877 
227 725 40182 690 
174 1002 1164 75 
34 873 663 118 
196 158 345 68 
5 70 379 7 
0 195 243 22 
70 203 734 18 
34 165 268 1 
124 57 342 7 
56 126 162 7 
48 233 4 7 
0 259 32 15 
9 212 26 4 
19 84 13 12 
26 41 12 12 
25 28 1 0 
3 4 27 1 
1 2 2 6 
2 3 27 10 
2 7 3 7 
4 2 17 4 
3 4 7 5 
4 8 8 7 
8 2 6 4 
6 8 9 6 
7 11 2 9 
8 2 11 6 
6 1 2 4 
10 11 12 13 
2448 272206 982 316 
3912 289441 956 199 
1618 289536 1291 395 
308 285593 42644 793 
3356 281427 44193 304 
2619 290511 23066 717 
1964 280278 39284 57 
10335 177928 15974 1355 
519 902 37164 556 
73 884 34258 335 
1724 1508 22664 1853 
62 785 99 216 
135 751 401 55 
84 70 436 81 
87 21 612 60 
38 182 1393 34 
50 108 1408 5 
36 202 361 19 
34 142 608 40 
67 97 105 14 
63 69 11 15 
26 97 16 2 
57 94 5 4 
55 73 10 7 
39 47 3 11 
18 23 11 17 
14 8 7 2 
11 0 26 5 
11 2 1 7 
4 1 17 7 
8 7 1 7 
8 8 15 2 
6 8 7 3 
3 2 2 3 
6 2 8 6 
7 5 2 5 
4 8 11 4 
7 10 3 5 
10037 12268 6690 1740 
1714 275737 1102 227 
1916 278292 1226 384 
9521 249057 2731 1946 
3189 271421 46975 677 
133 283016 25978 300 
2210 261768 31071 767 
3679 264551 52683 24 
28510 49598 14172 136 
628 1085 38514 1075 
98 928 33748 423 
30 6079 8514 1620 
13 635 688 86 
22 343 1198 77 
93 152 1579 35 
6 170 1912 20 
11 190 1848 28 
6 316 1093 94 
3 332 539 16 
31 176 462 62 
46 30 52 4 
20 162 1 18 
31 103 5 13 
50 16 56 9 
46 11 1 7 
37 14 25 1 
18 12 1 6 
23 1 16 6 
6 13 25 11 
5 7 11 9 
7 4 9 5 
12 0 9 4 
9 2 4 4 
9 8 12 6 
6 8 5 6 
6 2 7 6 
6 4 5 6 
8 8 12 5 
9 9 4 6 
28689 86123 12729 1783 
1805 270830 535 161 
2037 281596 1266 371 
251 246202 20742 2207 
3012 271962 33415 727 
4230 275564 27940 11 
1433 254534 49391 1660 
297 269842 34096 141 
1168 1451 35995 572 
131 1365 34812 449 
264 909 33635 837 
944 2352 389 138 
6 696 1188 90 
52 352 1805 121 
12 541 1959 45 
51 714 1875 29 
38 482 2092 78 
69 542 823 161 
37 463 912 27 
41 341 343 38 
150 47 62 3 
60 49 25 4 
80 19 9 1 
94 20 0 3 
56 0 0 9 
42 17 28 11 
34 29 7 3 
16 18 12 7 
8 6 17 11 
7 2 3 5 
5 2 12 8 
2 5 4 5 
3 10 11 3 
3 8 7 7 
4 4 9 7 
5 2 11 7 
5 1 8 4 
2 5 5 3 
6 6 4 5 
8506 226723 977 712 
1799 299466 759 280 
3431 285438 1341 375 
3622 249917 35574 141 
731 282238 23270 275 
665 271931 42350 106 
4015 262351 39578 1405 
4061 253443 31921 588 
820 1206 34234 253 
13 730 30149 406 
232 601 25823 709 
109 846 938 111 
9 1223 1581 104 
37 254 1312 75 
22 412 1208 54 
34 596 2067 57 
54 410 1433 108 
10 477 692 99 
17 394 851 34 
14 302 123 7 
32 73 38 8 
4 22 19 7 
36 32 5 8 
11 10 15 9 
6 3 24 0 
1 34 4 14 
0 19 8 12 
0 4 24 2 
5 2 1 5 
6 10 2 3 
3 5 11 3 
4 3 1 8 
4 1 3 7 
4 3 12 6 
5 5 1 4 
3 9 15 6 
5 1 8 2 
5 2 4 5 
369 430 405 320 
1850 292954 1320 407 
2049 294886 823 152 
149 304889 1749 555 
2600 283742 40752 622 
3687 297213 23338 478 
1983 272557 45975 181 
316 284596 38407 1260 
15999 135160 81439 3585 
842 1698 29988 499 
128 663 30261 168 
1352 1265 14078 2597 
34 948 581 224 
70 784 1486 30 
98 158 1053 29 
38 117 1754 7 
106 311 2036 43 
67 398 977 36 
34 269 839 9 
12 242 775 36 
52 217 127 1 
23 159 18 13 
14 49 6 2 
16 7 55 1 
7 1 9 13 
26 3 2 9 
10 8 7 18 
13 5 1 7 
5 2 33 5 
7 8 0 8 
4 4 25 13 
2 3 0 7 
3 5 16 4 
3 8 1 2 
4 2 11 9 
4 2 6 7 
3 4 9 5 
2 7 8 7 
3 8 4 5 
19994 29828 12470 1341 
1693 295531 964 212 
3167 300725 1230 420 
9149 299815 7989 2772 
1442 306345 38437 870 
535 318754 18427 89 
3981 308466 36776 705 
4938 329879 40354 483 
24144 48853 21082 1324 
453 3583 31022 1058 
51 1391 33422 240 
976 911 9318 1936 
255 1554 1059 79 
94 988 2009 7 
154 38 1487 2 
18 7 1145 37 
58 164 851 25 
1 76 399 36 
54 111 405 23 
47 126 101 15 
62 77 125 0 
34 152 6 19 
63 77 65 10 
113 50 30 5 
11 89 8 16 
23 30 6 1 
9 5 9 9 
12 6 11 10 
15 12 7 3 
8 4 5 5 
6 2 3 5 
6 5 5 4 
6 1 9 6 
5 1 3 3 
5 5 6 4 
2 6 4 6 
3 6 8 8 
5 3 3 3 
7 7 5 7 
26251 132220 8798 2444 
1534 287487 603 201 
644 299151 1359 392 
2753 247557 16496 2335 
5376 300945 46621 799 
3863 320343 23431 244 
1029 340198 32464 1274 
1813 324689 54176 99 
472 5780 35256 660 
1403 5342 39453 488 
350 3059 42448 244 
129 2083 2175 529 
613 2114 1357 26 
609 1071 1559 91 
187 333 884 3 
7 41 280 23 
70 35 648 27 
19 50 344 62 
126 123 95 14 
82 50 169 4 
37 43 87 8 
3 131 9 21 
21 93 90 7 
56 27 10 1 
55 22 3 10 
45 32 5 15 
26 26 4 3 
10 1 8 4 
6 7 9 6 
5 7 5 7 
3 6 6 8 
5 2 8 5 
5 4 1 5 
6 9 8 9 
4 2 6 6 
8 1 4 4 
5 4 7 7 
4 10 6 8 
5 6 6 4 
4976 255877 506 227 
1871 295541 1685 348 
4384 287431 1475 466 
9179 269092 45121 655 
1394 296404 34368 842 
279 314803 25152 104 
5297 305158 47719 1516 
16519 267911 44784 1562 
2050 2171 50107 206 
429 1475 52863 860 
1355 2017 46848 10 
807 955 3125 62 
499 1050 5045 11 
405 232 3686 22 
376 177 3225 43 
92 318 1717 0 
169 113 895 60 
151 29 492 16 
113 185 59 4 
115 118 194 54 
95 16 55 25 
58 31 41 2 
67 37 59 14 
76 58 22 23 
26 60 14 8 
24 8 5 5 
17 10 2 4 
15 10 6 10 
9 12 6 5 
8 2 3 5 
5 0 5 5 
4 9 2 5 
3 1 2 5 
5 4 13 6 
2 4 4 3 
6 3 11 5 
7 3 2 5 
7 3 10 4 
2266 2520 1971 1050 
1560 286783 1456 417 
4781 277360 1346 325 
3268 298134 2935 922 
1399 288502 29265 289 
165 285571 26926 95 
4035 283854 46543 1439 
5591 302936 27905 46 
36045 108624 110150 1848 
1364 2684 44437 166 
352 2321 41861 510 
13 10254 23992 639 
171 1258 4399 786 
421 1894 4003 481 
353 622 4915 569 
132 249 1735 446 
87 40 1125 263 
32 21 818 246 
157 0 857 147 
58 84 376 1 
71 46 318 8 
12 20 179 22 
1 26 46 3 
0 82 81 10 
3 97 10 18 
3 63 4 2 
0 2 30 6 
0 3 4 7 
5 11 16 4 
6 0 7 4 
7 1 8 5 
5 5 4 4 
6 16 6 4 
6 12 1 5 
2 1 8 4 
6 2 1 5 
3 6 5 6 
3 5 7 5 
3 3 6 6 
25007 50809 15349 1128 
1200 285060 976 226 
1504 284800 1402 401 
833 362212 7373 631 
2852 284790 20752 425 
5450 281685 41404 68 
1191 289660 34366 884 
447 306944 25188 33 
3078 17185 73695 2688 
315 2595 40216 138 
205 2093 35282 338 
209 4961 4916 1614 
34 1512 2168 598 
57 1698 3293 483 
132 207 2447 289 
89 86 1061 428 
28 171 1001 200 
31 33 911 114 
15 13 1033 49 
23 124 291 1 
6 59 259 5 
7 3 86 16 
8 32 96 5 
1 44 27 7 
2 35 12 10 
1 10 22 11 
1 23 9 4 
4 0 0 3 
2 1 25 4 
8 10 0 4 
8 6 9 6 
3 16 3 7 
5 8 7 6 
6 6 8 4 
3 6 10 5 
5 8 5 6 
4 5 8 8 
4 1 4 6 
6 3 6 5 
18136 170850 4337 1996 
853 302354 1085 492 
1201 291440 1648 469 
5728 333933 11146 1186 
4443 284844 39427 861 
452 295372 31624 329 
1062 264682 20596 133 
4468 254343 40297 745 
308 1773 25251 259 
117 1403 27551 221 
71 2607 29566 112 
103 1825 445 619 
77 1516 439 345 
392 1733 797 588 
89 63 1190 140 
73 0 697 201 
8 9 932 7 
0 2 1145 64 
26 1 404 21 
0 5 420 6 
12 68 194 3 
29 2 172 14 
8 55 42 3 
6 109 14 20 
1 76 14 20 
0 5 42 4 
0 3 3 10 
2 1 34 3 
4 4 2 1 
4 4 17 6 
3 2 7 5 
5 3 3 6 
4 3 1 3 
5 7 9 3 
4 8 4 6 
6 6 5 6 
7 6 10 9 
4 7 10 7 
16 21 10 16 
2997 282389 992 277 
3558 307808 2004 411 
5307 296955 1349 439 
4361 288436 41400 705 
128 294833 36346 484 
2761 294538 19413 523 
6218 253175 38278 565 
21685 158423 16755 1786 
1490 808 39033 28 
102 953 39840 108 
916 2429 35755 349 
66 538 3225 47 
255 775 2134 178 
133 69 3205 360 
187 347 2364 76 
75 135 495 39 
35 174 415 61 
45 152 251 11 
84 111 270 7 
45 48 216 2 
29 82 227 11 
13 44 69 4 
2 47 108 9 
4 22 12 8 
3 2 29 11 
15 2 2 2 
11 1 32 10 
12 11 1 8 
4 5 15 9 
7 4 5 4 
8 1 7 6 
10 0 5 5 
6 5 7 7 
5 10 5 4 
5 6 3 5 
7 2 1 4 
7 6 13 5 
6 12 2 5 
9058 10568 6129 1820 
1919 297651 1252 256 
3596 307197 1656 508 
1335 299369 4590 2066 
1858 298837 38164 898 
4684 301593 20623 2 
3989 278591 37415 680 
407 268116 40110 942 
17541 54604 34606 953 
1110 1038 44114 17 
196 1061 43875 41 
118 2871 19744 1092 
315 1131 3377 199 
177 1707 2919 189 
78 258 3397 286 
40 630 1382 34 
18 347 457 67 
84 318 35 189 
33 148 223 38 
6 45 397 33 
5 104 112 2 
6 132 113 7 
3 46 124 3 
4 13 44 8 
5 6 8 0 
6 15 50 6 
8 4 7 7 
6 1 41 4 
9 7 2 4 
12 13 30 4 
5 10 1 7 
7 7 16 4 
9 2 9 6 
7 3 3 4 
7 6 4 7 
5 8 3 5 
9 5 10 5 
8 2 5 4 
7 4 12 6 
31457 88407 14018 1621 
2027 311406 1560 369 
3470 315637 1205 363 
3972 242734 7975 2218 
580 307658 42847 309 
1946 313954 23782 317 
4183 305279 22999 293 
3643 275253 47381 628 
7522 2765 29957 1044 
655 737 32970 237 
185 513 35323 42 
658 2080 5226 655 
237 344 1136 161 
219 251 1157 93 
103 167 971 69 
11 304 452 142 
20 700 187 69 
18 324 172 13 
126 259 73 24 
39 158 249 23 
21 114 22 26 
5 71 64 5 
5 163 41 6 
3 174 5 8 
2 44 9 15 
10 7 7 5 
13 3 32 0 
9 13 9 6 
9 19 25 7 
5 7 11 4 
4 1 6 2 
4 1 5 7 
3 5 6 3 
3 3 4 6 
3 2 5 4 
5 3 3 4 
6 3 7 5 
5 4 8 9 
6 6 8 7 
10015 232512 1166 799 
963 311995 1056 218 
1688 317025 1412 412 
6541 315434 19469 1005 
2604 296841 37918 835 
77 309762 21269 234 
2394 295157 22918 260 
8936 250975 35635 138 
1012 907 27842 110 
388 500 26939 229 
117 1004 26376 43 
94 626 804 71 
16 198 833 241 
122 243 256 202 
17 377 683 5 
2 170 610 112 
9 577 340 81 
16 49 215 36 
9 53 232 60 
33 132 184 30 
25 52 166 6 
21 6 48 2 
3 68 64 3 
1 134 8 18 
1 78 1 24 
4 15 39 2 
4 6 32 3 
12 8 3 7 
9 6 26 9 
7 0 0 4 
7 1 8 4 
6 10 6 9 
6 9 4 4 
7 1 4 5 
7 2 5 7 
8 7 7 5 
7 5 5 5 
8 5 8 6 
173 199 179 124 
1954 303145 843 205 
413 301451 768 202 
1574 317367 1312 321 
4473 311793 17815 184 
2947 307673 28622 206 
194 317721 36858 693 
3106 343729 18585 25 
28379 180163 67319 3508 
833 1534 23676 13 
67 1637 17201 98 
248 6804 10141 977 
75 1592 1207 281 
119 477 1022 356 
277 80 339 272 
165 368 1804 64 
57 435 647 81 
34 1022 367 37 
0 482 136 30 
28 505 75 104 
9 223 85 20 
5 86 30 18 
20 7 50 0 
21 38 26 5 
21 71 36 11 
24 35 27 9 
12 18 58 7 
15 10 4 3 
14 3 30 6 
5 0 3 4 
10 4 12 5 
8 8 6 7 
5 4 8 6 
6 4 12 7 
6 6 9 6 
5 1 10 6 
10 2 6 9 
4 2 3 3 
5 6 3 4 
18807 26836 12368 1708 
1447 323161 1100 256 
641 336626 1402 419 
3260 333877 5969 1947 
4378 324492 33085 329 
4508 338495 15640 343 
1344 348426 35801 442 
1281 361730 34191 549 
14972 55788 30007 3327 
822 2124 29959 104 
102 1527 25837 117 
74 8064 4767 2158 
109 799 278 366 
53 273 252 687 
33 391 473 299 
34 125 67 326 
7 497 121 408 
37 878 5 280 
24 411 69 21 
11 427 0 2 
57 152 1 0 
2 157 3 12 
1 47 55 3 
0 35 30 1 
3 17 48 14 
6 19 5 15 
5 23 59 7 
4 13 4 5 
5 11 15 3 
5 21 17 5 
4 26 16 8 
3 9 5 8 
2 2 10 5 
3 0 1 7 
5 0 15 6 
4 6 9 4 
3 2 5 5 
5 0 4 7 
4 5 6 6 
27152 134680 11333 3063 
1771 314938 1108 377 
2180 333217 1030 239 
603 261820 14816 1438 
4041 325885 31994 1035 
5365 331869 14342 226 
2617 318479 32115 523 
221 309965 35986 441 
26 508 25907 21 
377 339 34385 142 
8 592 37024 237 
262 1220 3321 864 
41 299 2755 417 
48 141 2320 510 
3 591 1842 323 
12 593 1082 308 
28 752 294 183 
15 661 95 148 
47 568 11 18 
88 562 6 38 
66 314 28 12 
9 105 7 21 
37 65 28 2 
62 19 15 0 
27 64 6 0 
16 65 27 6 
13 27 9 6 
21 3 9 6 
19 3 11 3 
13 17 7 6 
13 28 5 5 
6 20 6 5 
3 7 10 6 
6 3 2 4 
4 0 9 8 
8 6 2 6 
6 10 10 5 
6 12 5 4 
7 4 10 6 
5463 280888 461 302 
3409 330525 1155 469 
1955 325773 1137 283 
459 302871 30440 868 
4188 318617 22684 348 
7067 323605 13004 117 
2129 327543 30013 1362 
1811 280205 22548 1150 
1744 492 30666 234 
612 492 29320 411 
9 1986 27698 972 
87 1525 1109 417 
19 781 1023 399 
35 87 503 276 
9 131 768 96 
103 187 240 180 
80 127 126 143 
35 96 331 24 
66 211 120 6 
113 255 153 14 
62 131 2 6 
14 57 43 7 
29 90 14 10 
45 66 4 8 
29 31 36 1 
13 27 0 11 
12 21 21 6 
15 21 7 3 
9 18 32 8 
11 11 13 5 
9 7 1 6 
11 6 7 3 
10 1 8 6 
4 0 1 5 
4 2 9 6 
3 5 1 1 
7 2 4 4 
4 1 6 5 
2402 2874 2174 1349 
1416 322386 1513 413 
5044 330984 1569 408 
2777 315950 1697 787 
19 311484 35107 918 
2558 319495 18131 105 
8026 317827 22942 496 
3098 316681 34982 346 
23984 107665 17257 671 
1313 553 21028 631 
108 1570 20043 414 
617 9319 9431 2337 
107 1442 326 320 
34 1165 221 188 
14 227 36 220 
69 367 266 169 
8 35 140 128 
13 32 167 98 
30 38 300 2 
34 38 295 0 
17 72 39 5 
1 44 32 10 
1 91 32 7 
0 109 22 8 
3 57 24 9 
0 9 15 5 
4 0 9 8 
4 9 4 1 
13 11 8 11 
10 9 11 13 
14 6 2 10 
17 1 11 4 
16 8 1 3 
7 11 16 8 
5 9 1 4 
5 3 6 6 
4 0 4 5 
5 2 7 5 
4 5 2 3 
26113 50889 17345 1335 
1668 317768 1544 528 
2402 308829 1183 297 
5910 380516 9191 895 
2917 316246 17839 303 
110 317819 29657 255 
2685 331038 32754 1055 
6601 346697 14602 596 
19226 26755 65961 2235 
1047 437 21516 302 
203 773 24236 320 
157 4057 2700 184 
194 313 96 10 
222 354 39 16 
114 71 98 0 
3 42 6 27 
13 1 286 12 
61 74 236 1 
96 139 393 9 
128 94 158 12 
84 139 57 4 
1 83 20 9 
5 137 56 6 
15 76 47 10 
7 6 5 13 
20 17 15 4 
9 16 2 6 
11 3 8 6 
9 2 4 1 
13 7 7 3 
6 8 9 5 
14 0 6 5 
10 1 6 6 
8 2 7 6 
6 4 7 5 
3 4 8 4 
2 8 2 3 
3 6 7 9 
8 2 5 6 
19910 170886 6055 2365 
792 303550 808 331 
131 304208 1295 316 
1045 382251 11649 232 
5492 319269 22349 480 
1980 320135 42160 161 
159 326679 20732 1236 
1952 335989 25834 516 
859 1031 32543 377 
501 1664 32219 135 
185 356 33288 253 
272 356 230 45 
173 850 320 0 
473 156 458 46 
110 11 273 109 
24 54 110 0 
27 115 740 1 
40 56 715 10 
40 91 269 14 
29 48 128 16 
14 67 31 11 
2 68 9 7 
7 83 57 5 
5 18 25 16 
0 8 23 8 
0 9 0 3 
4 16 1 11 
0 1 9 9 
0 2 7 4 
1 8 4 2 
9 9 2 6 
11 6 8 9 
10 4 11 4 
11 1 5 5 
6 0 5 6 
7 3 6 4 
4 4 6 6 
5 9 7 5 
6 10 10 7 
3766 290903 681 214 
3775 331456 1847 431 
5736 311559 1701 484 
2306 324879 19761 31 
273 322911 29396 1011 
3226 326209 37775 141 
6432 340331 14958 1156 
24661 245774 35368 4671 
1113 1135 22698 297 
759 1978 23181 236 
287 273 19752 1047 
221 882 118 233 
59 821 528 42 
124 3 347 0 
9 41 264 0 
43 57 328 48 
99 171 418 4 
74 250 522 11 
77 186 347 28 
67 103 20 8 
9 61 45 10 
6 119 43 0 
23 26 84 0 
35 11 0 18 
42 4 18 12 
2 6 14 12 
0 1 5 3 
2 4 10 3 
5 8 1 6 
7 4 10 7 
7 2 5 5 
4 5 8 3 
9 1 6 5 
6 4 6 5 
5 8 3 4 
5 7 6 6 
6 2 7 4 
7 1 7 7 
6532 8023 5485 2268 
1809 315533 1632 402 
5747 314931 1647 429 
5387 295125 2463 1515 
331 318017 38962 741 
2502 329933 20688 135 
6458 340651 24910 792 
5808 338230 41123 301 
31830 94545 13659 28 
1150 3311 21003 372 
216 1466 23927 241 
375 1245 9029 2891 
56 1104 2231 148 
3 857 2328 61 
51 133 2580 90 
16 421 1177 108 
153 52 946 16 
100 111 513 58 
76 286 621 21 
75 321 392 6 
156 203 198 39 
104 183 27 1 
129 90 26 3 
91 66 34 0 
57 45 0 8 
39 22 8 12 
20 5 5 4 
8 9 4 1 
5 9 11 11 
7 7 9 6 
12 2 2 9 
10 1 6 5 
11 2 1 3 
3 7 14 5 
3 7 1 7 
4 5 13 7 
5 2 1 5 
3 1 9 4 
3 1 2 4 
30311 78931 17455 1771 
1439 316450 1058 301 
1991 308321 1227 286 
662 388828 13791 583 
4041 329143 18684 182 
6000 320616 33086 1086 
1567 305362 37829 240 
154 314516 18635 580 
2526 6811 52383 3635 
582 1325 26132 567 
41 1307 28816 467 
696 1647 2957 587 
10 982 193 490 
24 499 210 532 
13 215 42 422 
3 141 69 228 
78 49 937 130 
65 84 449 125 
115 134 588 63 
127 297 343 29 
15 58 132 8 
24 17 158 0 
35 14 59 3 
18 33 41 14 
18 34 2 13 
25 24 11 4 
22 5 10 1 
0 16 6 3 
0 21 0 7 
1 6 18 5 
2 3 5 8 
6 0 11 6 
7 0 7 5 
7 3 8 3 
2 2 8 4 
6 2 2 5 
3 0 7 6 
8 2 1 3 
6 5 10 6 
13145 222926 2044 1271 
1764 331204 953 321 
3162 316167 1414 375 
7173 359419 14821 836 
1974 312174 44020 285 
598 298797 27633 736 
1921 286797 23720 387 
6199 249483 46182 438 
1014 1850 31792 32 
150 772 40461 840 
335 2813 39236 716 
171 1184 1520 252 
169 1579 1964 217 
554 527 1015 178 
142 51 1127 164 
35 9 786 133 
54 26 912 103 
25 8 500 98 
8 2 299 15 
12 34 89 1 
56 16 142 22 
42 12 21 2 
14 29 74 5 
4 2 32 5 
0 18 10 6 
2 6 4 3 
5 4 16 10 
12 8 4 4 
7 2 17 7 
11 8 0 5 
1 4 1 9 
2 14 10 4 
4 15 8 6 
4 2 3 5 
8 0 11 6 
6 5 3 6 
8 10 15 6 
6 11 2 6 
39 58 29 34 
2976 310091 1183 308 
4269 342926 1909 486 
3526 317513 1248 305 
417 320444 49783 817 
2313 318179 23855 504 
4924 302132 27528 40 
3279 285794 47086 1969 
17062 159960 37501 3609 
360 792 41079 396 
101 1968 42612 472 
261 3862 33016 1821 
232 622 1461 458 
309 1370 2444 119 
460 198 2096 73 
311 156 1715 31 
110 90 1127 17 
116 132 610 2 
29 42 388 15 
2 59 182 23 
5 83 152 3 
17 99 129 3 
23 31 51 15 
5 1 91 19 
1 3 4 7 
1 4 1 7 
4 21 21 4 
4 14 0 3 
7 7 18 3 
5 0 13 7 
7 11 4 5 
11 16 4 5 
11 11 11 7 
7 2 2 9 
8 3 18 5 
7 9 1 3 
7 0 1 8 
5 1 11 4 
8 6 2 7 
14732 20870 11554 2463 
1632 331404 1536 465 
1041 336480 1287 335 
2660 376663 6704 1702 
3739 322310 19641 126 
3210 324235 26275 1099 
1442 317893 38665 369 
1048 325288 17741 936 
19750 50227 93798 4693 
404 907 35518 758 
391 1222 30846 425 
123 7206 10574 2346 
179 1247 1531 618 
291 1714 1822 543 
158 241 1548 328 
68 144 1340 264 
95 59 969 95 
52 53 835 67 
36 29 561 62 
71 126 264 54 
70 206 172 0 
8 152 257 12 
17 54 83 35 
42 13 104 17 
31 7 8 2 
15 7 12 6 
13 13 0 2 
12 9 17 16 
13 9 0 6 
6 5 12 1 
6 4 6 5 
11 7 3 8 
4 1 3 5 
3 1 16 5 
6 3 0 6 
4 7 11 6 
6 6 1 2 
5 2 7 5 
8 2 4 6 
29632 118082 13629 2800 
2091 340451 2212 510 
3876 324312 1271 276 
4008 399422 8430 158 
745 324571 19561 386 
1365 302508 38525 1036 
3447 327000 19852 775 
3691 329972 19443 165 
3874 2564 33005 2687 
91 2024 21941 149 
366 1168 25147 277 
661 2971 1277 678 
72 1248 343 329 
15 210 546 641 
59 286 480 281 
66 244 683 100 
80 120 612 41 
77 147 692 47 
12 73 848 45 
44 218 482 54 
14 313 382 50 
45 102 109 2 
59 11 205 5 
42 14 22 21 
8 4 2 7 
3 20 14 4 
0 25 4 5 
1 7 6 12 
8 16 3 3 
6 2 7 6 
7 16 4 7 
8 16 12 7 
6 9 0 9 
6 3 21 7 
4 2 0 7 
3 4 12 4 
5 9 3 7 
5 1 4 3 
4 2 6 5 
7127 272323 786 610 
1516 312690 1645 387 
412 323707 1156 316 
867 351350 11845 261 
4565 307339 28450 175 
2444 308050 35810 1150 
373 330692 14495 201 
5011 295313 27644 26 
484 823 24185 301 
12 253 23390 503 
170 783 23819 460 
77 2672 498 569 
98 1569 507 563 
300 120 395 755 
97 623 464 329 
76 106 340 267 
15 50 544 66 
40 176 588 75 
39 156 648 63 
36 200 300 12 
10 119 177 35 
10 64 199 42 
16 28 51 5 
6 16 22 2 
2 20 14 7 
5 22 2 17 
4 17 9 11 
1 19 10 8 
4 28 5 4 
6 12 3 9 
7 2 8 6 
6 1 0 5 
5 4 15 4 
5 2 13 3 
7 2 1 5 
4 3 11 5 
6 7 4 6 
5 8 8 7 
1375 1406 1055 631 
2016 322114 1009 235 
3866 338336 1728 501 
3354 329637 1194 269 
89 324943 15963 341 
1644 310489 31455 53 
4156 314659 32915 1555 
1990 322271 14102 17 
26249 125133 77513 3722 
603 1230 29973 75 
121 872 31886 229 
982 1058 17815 1670 
130 2305 725 493 
173 1534 1634 471 
333 224 1637 336 
118 404 2350 227 
142 33 1482 84 
132 92 968 47 
12 190 1252 25 
67 362 217 7 
21 259 399 4 
26 178 178 21 
50 52 148 30 
39 25 34 0 
16 15 16 4 
9 6 17 4 
6 1 11 6 
6 0 1 2 
3 0 14 7 
4 9 9 8 
6 14 13 5 
6 10 3 6 
6 3 1 8 
5 6 14 6 
7 5 6 5 
7 3 9 6 
7 1 5 7 
3 2 7 5 
6 4 4 4 
24769 42197 15726 1259 
1864 327919 1366 403 
1252 328845 1514 441 
3934 385161 5127 452 
2381 318873 12754 166 
602 310265 35454 841 
1737 315030 29846 419 
4716 304410 17641 310 
21408 20840 89268 6914 
334 3779 29539 702 
284 877 38088 224 
1610 2540 10529 1842 
154 1127 1760 333 
187 974 3873 475 
320 108 3263 83 
124 23 2916 25 
93 147 1835 19 
102 129 1334 9 
49 80 518 0 
15 237 300 15 
21 149 172 22 
4 56 128 35 
1 0 114 5 
37 10 10 0 
32 2 17 3 
20 0 12 7 
12 2 23 5 
3 10 4 5 
18 7 9 4 
5 19 10 8 
4 13 13 7 
4 0 10 3 
3 0 5 5 
4 10 13 4 
5 16 2 7 
5 2 2 3 
4 7 9 5 
5 9 5 7 
7 12 9 7 
23685 169342 6339 2173 
1188 321431 695 309 
179 326881 1657 446 
1139 365219 16769 1 
3853 327252 17197 105 
2146 315440 36472 1269 
407 315137 28976 94 
3100 307373 21618 926 
1429 607 32817 284 
