3 19 21 2 
14 17 43 5 
3 6 54 9 
12 62 109 6 
8 11 85 18 
11 9 5 3 
5 28 32 3 
7 17 1 9 
13 8 29 13 
12 0 1 8 
11 1 43 3 
5 5 39 7 
12 7 3 5 
7 0 49 7 
7 2 4 5 
5 4 54 4 
4 7 6 4 
5 6 53 7 
8192 21695 64094 4480 
402 1467 84082 968 
395 1299 78926 3499 
760 1686 105948 4159 
203 6062 108312 1148 
2257 1125 129199 683 
1044 9857 123955 4643 
7030 45500 -100 2714 
403 14256 1552 1787 
486 12336 1908 1567 
57 13770 1149 101 
27 7579 297 149 
279 2644 408 23 
161 2639 1170 41 
47 1144 346 73 
116 239 174 9 
75 39 31 0 
42 145 82 21 
15 253 1 15 
12 100 10 12 
10 68 18 1 
6 29 33 2 
12 15 33 1 
2 41 107 11 
1 22 46 17 
1 6 68 7 
3 1 7 0 
6 14 43 5 
9 21 19 7 
3 4 25 13 
11 1 10 4 
6 4 28 3 
10 4 15 7 
8 7 32 6 
6 4 25 5 
7 2 17 4 
4 2 43 8 
6 5 19 5 
9237 13107 14889 10631 
361 769 96467 1453 
97 746 71620 1030 
241 1137 -100 119 
975 3444 -100 1729 
114 5895 60875 4565 
2402 2112 77127 2842 
169 10316 95074 122 
4577 220016 438159 57122 
40 9529 1559 1757 
212 8485 425 286 
404 8116 784 12 
634 1798 726 35 
682 1331 409 46 
19 931 315 28 
49 642 162 11 
106 108 38 55 
143 20 156 47 
35 49 157 48 
18 37 36 10 
26 9 16 16 
36 8 57 17 
13 5 29 26 
23 24 1 14 
4 0 37 7 
1 0 16 4 
2 3 25 6 
7 0 26 7 
6 2 45 4 
6 13 11 7 
3 5 54 6 
3 5 13 6 
2 1 36 6 
8 2 10 6 
4 5 10 5 
2 1 51 6 
3 2 10 5 
4 2 56 8 
6 7 10 5 
10042 160658 241125 55715 
372 1511 81741 1184 
266 1379 43875 3457 
352 1587 73771 3547 
361 6827 71327 68 
3403 3864 79673 2013 
735 1433 88216 5785 
977 8758 82945 3345 
15219 126351 99426 12535 
543 8076 1623 1577 
187 6853 1905 92 
659 6046 613 15 
125 1513 765 0 
960 1676 198 74 
283 570 174 10 
425 140 25 41 
113 17 0 35 
212 68 9 56 
16 21 102 52 
16 7 26 12 
25 2 13 18 
15 32 28 36 
10 26 9 7 
3 52 2 7 
16 7 43 7 
16 0 2 4 
12 1 24 4 
16 0 9 1 
10 2 50 5 
12 10 6 8 
9 1 63 11 
6 6 17 4 
3 0 41 3 
5 4 12 4 
3 2 71 8 
4 6 15 5 
5 2 61 9 
8 5 10 4 
7 0 62 7 
20439 108494 706232 13526 
526 1946 46125 1586 
498 2550 49793 3953 
421 1939 74417 5879 
453 8989 66720 1274 
1364 10982 87118 616 
867 1138 87699 6036 
537 12879 104313 5851 
2253 5689 5147 1373 
846 11841 1814 1675 
173 10901 1445 391 
199 7708 967 508 
221 730 331 156 
738 2599 527 145 
238 972 169 79 
68 105 110 19 
122 46 138 0 
149 33 15 18 
10 16 14 11 
7 26 41 6 
41 62 33 7 
1 0 74 5 
6 6 24 3 
18 18 39 13 
22 33 2 8 
19 26 60 0 
12 27 8 9 
7 6 61 21 
11 10 51 14 
15 24 9 7 
11 7 64 7 
13 3 8 3 
6 2 45 7 
5 6 8 4 
5 2 46 7 
6 2 39 4 
6 2 36 5 
5 2 30 6 
13 4 65 10 
3895 6671 93494 3689 
535 2205 57085 1256 
360 2084 -100 3176 
127 1748 67941 4145 
20 1532 -100 2029 
1894 10010 109050 488 
972 8062 112324 4683 
37579 34693 -100 13446 
759 10163 304 1966 
320 11573 1582 750 
541 13960 334 493 
806 6717 532 628 
959 3893 546 146 
806 2866 135 391 
393 1158 101 95 
150 472 29 98 
137 229 181 82 
107 212 59 31 
4 149 7 23 
0 228 19 22 
12 113 3 3 
16 22 34 14 
0 3 22 16 
8 12 18 11 
6 43 12 17 
2 17 21 6 
0 3 38 2 
2 0 8 16 
6 3 37 12 
4 22 6 6 
8 13 25 1 
3 5 23 5 
2 3 24 5 
3 9 16 5 
3 4 33 5 
5 2 16 5 
6 1 33 6 
7 2 30 6 
26189 55149 61289 31533 
274 1396 82147 1632 
298 1115 66864 533 
530 1977 86626 849 
234 1388 72664 4080 
2651 4270 81990 4235 
952 10975 112735 146 
163 6036 107179 1175 
4536 87974 282111 56883 
2380 9130 0 1893 
1943 12323 4 643 
451 12816 33 440 
507 3900 228 219 
369 3719 155 393 
635 1848 124 224 
306 407 2 227 
97 942 151 68 
242 389 85 61 
71 262 89 25 
2 353 43 46 
16 237 73 28 
23 104 0 2 
20 36 24 8 
11 47 34 0 
11 79 3 10 
4 49 47 14 
17 16 0 5 
21 1 33 1 
8 2 2 11 
5 13 37 10 
5 0 37 12 
7 3 4 9 
9 8 36 5 
8 7 8 5 
7 5 34 6 
11 3 8 3 
7 2 30 5 
6 3 32 5 
8 7 35 5 
722 191804 398168 45224 
521 1881 121471 1460 
371 1397 142742 1944 
288 1422 136135 77 
701 2154 122456 2983 
2992 3375 142976 5123 
647 15073 163278 1480 
5265 5078 167342 394 
14636 22793 34766 23274 
1471 9047 226 1653 
1889 10302 144 210 
2674 9830 9 374 
1264 3462 162 134 
126 3300 202 481 
645 608 60 348 
197 227 208 304 
112 825 175 62 
65 555 98 108 
4 519 151 103 
11 421 346 17 
13 120 64 55 
19 73 84 42 
23 101 9 8 
0 50 61 3 
1 49 0 12 
0 51 58 10 
9 8 30 7 
5 23 2 7 
3 10 28 2 
0 7 4 3 
2 0 28 9 
3 4 0 6 
2 4 35 5 
3 4 13 5 
3 1 23 4 
1 3 14 5 
4 2 30 4 
6 3 15 6 
7 3 41 6 
15069 47587 -100 6752 
540 1748 155194 1139 
487 2215 -100 4802 
341 1571 -100 975 
1036 396 158935 844 
870 10119 169449 4395 
651 15310 149216 3868 
9287 5347 -100 381 
3422 7385 496 3422 
2192 11117 393 1300 
1237 12793 78 94 
140 7559 444 318 
260 1836 214 389 
784 2975 76 402 
883 446 3 276 
197 712 4 116 
247 689 149 44 
255 546 359 69 
33 539 29 18 
30 239 212 42 
33 123 38 32 
20 31 48 10 
24 31 21 0 
20 33 52 5 
6 8 52 5 
17 5 11 6 
16 1 36 5 
12 9 0 3 
10 12 28 5 
4 11 0 7 
5 1 26 9 
6 2 22 5 
6 2 4 6 
6 1 33 5 
11 4 5 6 
7 3 47 7 
9 4 2 2 
6 4 52 8 
2486 2943 3825 2931 
1162 1353 246552 2335 
508 2009 221871 1934 
398 2150 197223 5834 
41 2573 174754 2282 
1011 1363 221233 73 
1095 11522 212427 3996 
4342 12047 215443 5833 
27269 67828 -100 29952 
1624 8442 477 2014 
2592 8927 383 350 
3231 10732 76 69 
4156 4625 183 375 
81 3990 47 83 
200 2531 237 384 
287 404 4 193 
140 854 174 247 
51 505 263 170 
19 723 266 92 
17 491 227 34 
5 131 198 27 
14 104 71 10 
20 76 39 12 
7 20 48 30 
15 8 27 13 
16 13 21 2 
8 26 19 4 
0 11 10 7 
7 0 9 7 
6 10 15 8 
8 16 9 4 
5 14 20 7 
5 5 28 7 
4 6 11 6 
4 2 42 4 
4 2 29 7 
3 4 24 5 
5 6 36 6 
4 5 28 2 
21923 127895 166992 55225 
306 1654 106210 1002 
255 1078 122879 1023 
232 1050 77967 13 
9 6118 39730 2085 
421 544 53204 4102 
2764 11359 70683 1287 
1573 14609 70105 4 
29111 123623 144059 41679 
998 7760 190 1199 
600 6107 197 165 
1095 4932 516 103 
1033 2979 208 68 
265 2064 249 167 
442 3678 153 127 
198 2776 373 144 
32 1000 539 214 
46 550 268 178 
10 386 257 31 
5 185 130 61 
0 11 30 25 
10 51 32 57 
28 91 11 21 
7 58 72 10 
10 24 33 2 
15 16 36 8 
4 52 35 5 
8 22 10 7 
10 1 19 1 
4 0 1 6 
6 1 44 9 
4 0 9 3 
4 1 44 1 
7 5 54 7 
6 3 16 2 
6 1 55 7 
5 3 22 7 
6 4 55 7 
7 5 7 5 
15234 148639 577784 24966 
298 1342 64367 1472 
316 1131 6288 4406 
416 1691 23414 2108 
368 8741 21858 40 
2990 1174 59415 2673 
1091 13445 -100 4671 
349 13116 52647 2811 
253 18423 8672 4631 
1709 6376 96 1286 
651 4660 356 12 
311 2240 600 19 
191 484 758 77 
17 1313 161 146 
249 3607 98 49 
31 1006 446 45 
209 601 80 96 
146 403 127 104 
60 132 91 16 
15 5 64 2 
29 2 13 17 
4 12 59 32 
27 45 36 7 
21 60 44 13 
20 58 98 12 
20 34 9 5 
3 48 58 3 
14 17 11 2 
3 3 30 10 
1 31 41 7 
2 2 8 5 
5 1 40 8 
6 7 10 6 
6 6 44 8 
6 5 12 4 
3 3 36 5 
3 4 6 4 
4 3 49 7 
8 6 6 3 
5623 12930 74102 3948 
441 1639 65440 1274 
377 1722 46493 3291 
903 1160 55134 4743 
489 13857 32407 1417 
1918 2093 46715 143 
1365 8580 37148 2797 
23240 63609 -100 8176 
1116 4303 180 976 
1204 4966 1236 604 
1113 4369 253 122 
1916 774 1849 158 
43 673 530 95 
44 76 404 16 
150 812 185 9 
189 79 0 29 
110 576 22 85 
85 665 31 52 
27 109 69 1 
28 48 27 28 
33 0 17 6 
24 43 13 5 
13 75 11 8 
18 105 120 5 
11 68 9 4 
26 16 55 3 
12 4 10 3 
9 8 2 6 
12 3 45 4 
7 3 11 7 
8 8 54 4 
6 11 3 2 
6 8 48 8 
6 4 4 4 
8 6 6 5 
6 5 55 10 
5 4 5 6 
4 3 38 7 
14236 22483 25263 16770 
265 760 106600 1578 
97 864 80497 853 
287 1139 82783 13 
1321 1222 81446 2320 
2500 7784 52949 3658 
325 1712 77434 3133 
1831 12963 84167 48 
2925 189246 369488 61307 
1569 3939 185 1517 
1031 3157 19 578 
581 3169 253 178 
627 282 1135 132 
630 521 309 142 
346 85 670 19 
138 478 10 62 
125 231 65 33 
89 467 67 120 
71 773 1 75 
28 167 85 0 
3 73 0 10 
2 34 0 32 
16 14 31 33 
27 56 37 7 
3 98 49 5 
0 37 60 6 
5 16 20 7 
5 20 51 4 
6 32 3 4 
7 15 75 7 
3 5 19 6 
6 8 17 5 
3 6 51 4 
4 3 20 6 
4 2 54 5 
6 4 22 4 
5 3 49 5 
6 6 21 5 
5 4 30 5 
3117 176644 303393 54857 
372 1514 90218 989 
360 466 50635 2883 
212 1229 95541 3435 
262 6562 94994 318 
3376 4830 92687 683 
107 3579 107156 4901 
1358 16791 109462 4468 
15194 82225 73803 9974 
1480 3071 396 1685 
638 3268 850 169 
285 3475 381 239 
489 55 264 227 
170 341 189 132 
188 457 20 21 
55 143 40 20 
8 161 23 107 
8 325 16 117 
59 201 44 22 
11 121 35 24 
12 121 50 71 
17 31 21 18 
22 57 59 7 
2 93 69 3 
6 73 118 7 
21 31 26 4 
17 74 87 4 
16 25 15 5 
8 1 53 6 
2 28 62 6 
3 12 29 5 
2 2 68 8 
5 1 22 4 
6 1 68 3 
9 5 27 5 
7 3 61 7 
6 3 49 6 
6 3 35 6 
6 3 42 4 
21765 84292 -100 9433 
253 1242 36238 1387 
291 851 62451 78 
540 1764 48609 2652 
248 8364 31310 3466 
2289 127 74849 1546 
830 13701 67432 348 
3836 8058 85633 4214 
2290 5715 2063 1121 
909 3060 113 1334 
581 3135 137 90 
1401 1443 481 284 
420 1027 172 117 
423 307 48 15 
316 700 8 11 
356 68 267 14 
98 248 37 77 
50 216 12 89 
101 65 2 45 
32 9 17 7 
3 11 39 9 
29 10 139 8 
29 79 32 21 
21 123 118 17 
9 142 30 8 
0 19 17 5 
4 45 83 4 
2 34 6 5 
5 12 65 7 
1 5 14 7 
0 2 81 8 
3 5 12 2 
5 2 11 3 
4 0 76 5 
3 4 13 5 
3 2 75 6 
5 4 13 5 
5 3 69 6 
31 37 129 43 
1972 2867 76040 2199 
222 1036 32778 1197 
287 1255 56088 2363 
482 2746 31139 27 
2146 240 45857 2249 
890 8262 26216 3856 
517 15668 52346 1287 
18671 46889 -100 34049 
1446 2226 6 1069 
757 5011 203 281 
125 4356 139 107 
7 430 215 88 
1288 376 399 76 
488 74 120 79 
397 1112 175 11 
132 132 121 5 
162 263 43 53 
39 231 134 77 
109 53 0 4 
25 3 69 39 
12 86 37 57 
26 95 86 19 
5 79 31 9 
16 65 67 1 
13 95 20 3 
11 72 55 9 
12 52 9 7 
11 3 33 5 
11 1 9 3 
8 14 66 8 
2 6 50 7 
5 4 28 7 
7 0 60 6 
7 3 42 3 
8 2 61 4 
8 4 26 6 
5 2 62 8 
8 3 51 7 
27382 68295 79279 38180 
225 1164 95653 1377 
422 2172 55771 1660 
607 1922 87019 4205 
59 3561 74753 1063 
3346 1036 132011 483 
170 10618 91991 3812 
2148 10526 101757 5117 
1864 127179 249586 29992 
745 3080 10 1263 
696 4215 686 188 
316 3248 185 151 
617 235 4 244 
1078 195 3 54 
97 581 132 49 
247 1302 104 13 
308 205 49 12 
187 344 120 59 
18 133 35 76 
29 113 25 4 
8 20 43 50 
22 58 56 3 
15 75 22 0 
8 122 57 10 
9 136 14 14 
14 71 62 9 
19 20 9 4 
1 37 8 9 
5 10 34 2 
4 2 17 6 
5 9 42 6 
3 4 23 7 
5 5 50 2 
6 5 34 4 
6 4 20 4 
3 2 65 6 
7 6 17 5 
8 3 65 6 
5 2 11 3 
3660 181975 462447 40489 
341 1651 102256 1366 
325 1936 105251 1082 
353 1905 102520 4663 
914 2026 88018 4115 
1472 3781 99665 215 
1294 14383 104615 1294 
2748 4473 111805 7163 
17090 19448 26718 3983 
1082 3806 253 1965 
617 4393 455 94 
0 37 137 11 
0 6 20 1 
0 14 88 7 
0 8 8 10 
4 2 39 6 
5 2 2 5 
5 13 34 6 
6 6 3 10 
8 0 30 6 
11 0 5 3 
4 15 15 3 
5 12 24 4 
5 6 18 6 
6 2 36 7 
5 1 22 3 
17058 47292 823848 5939 
297 1026 916225 617 
216 484 902338 2122 
376 961 915260 3221 
19 5974 905605 956 
2880 4706 -100 36 
284 1813 -100 1385 
4742 22774 -100 2178 
4182 8297 228 69 
1855 12590 717 100 
2150 13359 359 250 
1554 7282 1817 35 
1213 1260 750 175 
537 1410 962 98 
626 1131 768 8 
405 189 494 42 
182 108 917 23 
192 4 869 29 
228 27 274 23 
180 99 155 20 
55 23 33 2 
2 10 45 6 
3 51 3 0 
7 38 36 16 
13 52 0 18 
36 6 10 1 
37 0 0 0 
28 0 8 14 
24 7 2 13 
27 11 28 5 
13 7 10 1 
14 1 27 11 
13 1 7 7 
8 4 40 4 
8 8 14 2 
3 3 55 9 
3 5 15 9 
3 3 47 4 
1655 2006 2445 1936 
750 240 -100 1863 
79 701 -100 878 
189 939 -100 180 
544 3686 -100 1356 
332 5292 -100 3176 
3499 2736 -100 2439 
1232 9957 -100 433 
33304 115194 427223 33205 
1991 9558 13 86 
2921 7453 734 89 
3622 7597 101 695 
4006 2870 176 415 
1059 1768 138 373 
909 1915 117 266 
917 1155 353 159 
831 59 276 31 
577 103 531 37 
356 150 377 55 
325 84 261 36 
201 243 89 56 
36 151 89 20 
48 28 1 7 
39 34 42 3 
15 63 0 23 
5 56 40 22 
7 16 7 0 
3 7 25 0 
0 1 7 17 
15 15 25 4 
6 3 12 12 
7 0 36 6 
3 6 5 3 
0 4 50 6 
1 6 6 6 
2 6 52 4 
7 1 53 8 
7 6 5 4 
6 3 56 6 
25960 116736 136126 41611 
233 1598 -100 1307 
201 2199 -100 2436 
322 1413 -100 478 
48 5469 -100 1086 
2768 1087 -100 3758 
1350 8543 -100 1768 
435 10601 -100 195 
19204 175545 104438 27528 
1279 11290 366 504 
1306 9560 1064 69 
1901 8701 209 321 
1883 1158 287 287 
75 1695 937 292 
405 1438 904 127 
208 396 350 47 
330 132 386 32 
211 10 390 31 
58 102 51 73 
134 35 9 52 
121 12 38 2 
27 128 0 0 
3 105 50 14 
9 75 7 0 
3 37 25 1 
4 28 3 16 
13 14 5 21 
11 14 14 5 
8 23 2 0 
14 24 56 9 
13 8 9 9 
9 0 62 4 
5 3 4 4 
7 6 53 10 
4 6 5 5 
5 4 48 7 
5 4 5 3 
3 3 49 5 
4 5 4 7 
9613 171863 482142 19684 
509 1529 -100 1185 
360 1154 -100 344 
358 1231 -100 923 
121 7532 920473 3433 
511 479 905099 3054 
2112 7042 -100 41 
912 10742 -100 1807 
6972 39620 3946 5252 
45 10985 171 1121 
936 8859 1781 126 
1903 5041 340 327 
130 1450 176 219 
340 737 701 263 
154 935 897 225 
56 159 289 280 
17 1119 287 193 
31 386 146 149 
104 192 32 100 
160 82 87 27 
61 20 41 47 
28 44 153 34 
13 56 47 3 
26 80 11 2 
23 52 27 6 
13 30 3 21 
2 14 15 13 
3 2 35 3 
7 20 8 1 
3 13 53 8 
5 0 34 2 
7 5 21 4 
7 6 18 6 
4 4 31 5 
4 3 10 5 
6 3 22 7 
6 3 5 4 
5 5 4 4 
5 3 40 6 
11333 22539 -100 4072 
353 1721 819221 1566 
422 1238 -100 308 
323 928 -100 3581 
809 10801 764949 3631 
2141 8324 783617 1023 
236 143 -100 682 
13980 38155 634606 13195 
561 3293 663 1159 
1074 2447 175 704 
234 3868 633 4 
51 621 2792 31 
328 574 774 65 
196 129 399 15 
247 456 1031 139 
482 2315 789 128 
419 1530 414 47 
187 912 633 30 
41 572 196 22 
0 127 91 16 
1 38 191 7 
13 2 57 0 
6 1 209 5 
25 3 48 23 
37 0 56 8 
19 7 6 3 
3 2 28 5 
4 0 0 5 
1 3 28 3 
4 11 3 5 
2 8 44 9 
7 13 3 4 
8 5 37 7 
9 3 7 6 
9 0 27 6 
4 3 6 5 
5 7 29 6 
5 7 12 7 
9024 13409 14782 10146 
88 420 -100 1375 
119 613 -100 710 
179 1115 -100 658 
53 2132 -100 2842 
381 332 -100 2838 
1866 8331 -100 103 
1862 4277 -100 763 
14178 119657 242979 33511 
1526 810 658 430 
959 1790 720 41 
610 1409 753 70 
1037 937 754 215 
476 1848 127 20 
913 1299 348 85 
535 1244 233 4 
407 1726 305 43 
736 482 94 47 
121 611 87 4 
16 267 148 41 
32 7 27 42 
39 3 38 53 
26 1 18 1 
13 25 92 7 
10 21 16 17 
13 8 8 11 
2 3 28 13 
0 11 1 0 
4 16 5 15 
3 9 15 11 
4 8 16 2 
7 0 7 3 
1 18 22 5 
1 11 5 6 
1 5 26 5 
7 1 6 6 
7 1 21 7 
6 6 11 6 
5 6 26 5 
8645 131268 176923 31062 
286 966 696547 817 
239 1706 718844 762 
256 938 -100 260 
68 6694 -100 2696 
3320 2967 -100 3752 
745 3952 -100 1137 
2828 6801 -100 109 
5634 73894 42463 15847 
2843 1553 137 561 
3067 951 160 198 
2402 695 12 47 
2477 2243 81 54 
590 2731 126 46 
627 2241 46 41 
166 1779 30 53 
350 1236 83 3 
316 322 24 50 
10 131 87 14 
39 61 99 54 
24 9 74 77 
2 13 104 58 
6 10 32 10 
2 4 21 0 
17 21 19 7 
9 3 15 11 
6 2 13 1 
2 4 14 6 
5 13 10 15 
4 13 11 7 
3 11 11 3 
5 1 11 3 
4 0 10 6 
4 3 16 4 
6 9 29 5 
6 12 14 6 
5 7 23 6 
4 4 12 4 
6 2 34 6 
15548 81638 432172 6393 
140 736 633347 859 
186 1425 -100 3292 
309 860 -100 325 
153 9151 -100 902 
1746 972 -100 3475 
1766 5230 -100 2704 
3857 5942 583481 159 
5467 1662 2059 2968 
2862 887 408 925 
3255 628 205 40 
4704 628 956 107 
2300 3688 250 96 
1300 3296 246 30 
717 2812 12 8 
299 1256 56 30 
368 970 28 54 
251 435 6 75 
10 252 97 67 
53 2 40 58 
25 31 7 57 
5 7 38 3 
0 52 7 4 
1 27 30 17 
10 2 4 1 
7 3 19 7 
10 5 29 2 
20 0 17 12 
15 8 18 14 
8 10 21 1 
9 8 13 5 
11 6 21 8 
2 2 15 5 
11 8 11 6 
6 9 38 4 
5 5 8 6 
7 2 31 7 
7 2 8 5 
13 7 54 10 
3538 4210 -100 2218 
82 529 -100 970 
321 710 -100 3004 
448 2136 -100 247 
1266 3247 575874 753 
776 1342 -100 3322 
3122 6840 559930 2332 
6059 45961 388871 10242 
3643 938 516 816 
2937 120 47 342 
3254 174 245 3 
1701 1699 1420 69 
451 4925 835 23 
720 2222 582 40 
327 1928 106 47 
366 1340 55 1 
489 725 75 6 
114 244 57 91 
40 188 17 70 
17 3 28 24 
9 18 6 22 
8 5 12 13 
24 59 28 7 
6 3 20 22 
2 2 22 5 
7 1 11 3 
21 4 13 14 
17 5 21 9 
12 3 15 1 
12 11 2 2 
10 6 21 10 
5 14 14 6 
7 7 25 5 
3 4 12 5 
4 0 21 6 
4 5 2 3 
6 5 31 5 
7 8 4 7 
14049 32636 37820 19281 
113 812 549406 466 
221 637 530924 867 
95 681 548576 3420 
8 2102 519207 1848 
1693 1181 535356 49 
1008 6991 511388 1817 
3201 2798 525403 3335 
1381 88100 124062 12219 
1852 605 1226 1168 
1738 2009 1373 64 
1786 898 641 2 
2523 1849 593 44 
360 2176 345 11 
716 1278 613 48 
384 1114 311 28 
394 1342 152 7 
496 546 415 11 
35 593 151 21 
2 512 23 45 
7 6 75 58 
35 4 63 40 
15 1 3 26 
21 34 9 9 
10 18 51 7 
6 16 14 21 
7 23 33 14 
22 7 12 0 
5 9 21 4 
13 4 12 4 
12 0 17 8 
11 3 8 4 
8 7 29 4 
8 11 18 7 
5 9 31 6 
6 2 31 7 
8 4 1 3 
6 7 35 4 
7 5 1 6 
15 113031 213326 19407 
218 671 558521 659 
259 2133 553401 1068 
208 838 540351 3086 
298 1695 522397 1309 
1218 4301 518876 50 
2092 6138 518538 1436 
707 570 524662 3253 
15111 13365 15572 1516 
2584 808 324 1057 
1625 1403 490 13 
1215 999 90 83 
1064 305 376 74 
260 945 303 113 
265 309 184 2 
19 284 850 29 
96 1111 422 31 
271 511 582 7 
18 571 254 7 
47 340 208 79 
0 61 288 54 
24 18 25 11 
16 13 26 14 
2 27 22 54 
2 8 29 18 
0 35 5 28 
3 24 40 3 
9 15 0 1 
10 2 31 13 
10 4 0 7 
14 6 27 7 
8 0 28 3 
6 4 11 4 
8 5 19 9 
3 10 15 5 
6 10 15 7 
7 4 16 5 
6 1 21 6 
7 1 14 5 
10672 32922 473702 3765 
280 911 530120 548 
115 728 538578 501 
37 441 524403 2229 
254 3213 526664 2919 
1825 7097 495279 729 
3775 2330 504771 691 
832 4029 468732 5155 
1696 1416 399 966 
1915 1173 88 1152 
1661 1336 354 121 
2627 129 394 139 
575 1482 351 93 
456 677 5 12 
209 177 112 22 
71 355 411 14 
87 565 623 11 
13 649 647 9 
13 738 71 3 
0 132 207 86 
27 55 146 121 
55 0 48 44 
26 18 5 33 
6 18 10 11 
7 34 21 5 
7 53 21 18 
14 40 14 15 
11 7 9 1 
7 1 29 6 
9 6 20 4 
8 1 0 6 
5 3 29 4 
5 10 1 5 
4 9 34 9 
6 9 0 5 
4 4 31 6 
5 6 20 4 
5 5 9 4 
595 768 1033 837 
611 366 497887 1495 
62 671 468681 476 
142 477 473757 583 
5 1100 431758 2316 
1836 2264 448576 2419 
1765 6465 435784 427 
1649 3451 444742 1809 
5294 40598 217374 22622 
2476 310 222 2440 
2248 964 300 1138 
2412 709 335 184 
1536 302 588 250 
49 1156 68 235 
69 140 15 153 
80 66 72 11 
92 227 202 75 
102 391 264 26 
18 330 275 22 
31 413 204 64 
29 21 178 73 
16 31 299 56 
8 0 82 11 
6 1 48 34 
27 28 59 12 
24 38 25 0 
11 6 4 6 
15 24 22 4 
13 30 5 6 
6 16 23 7 
5 2 18 5 
7 1 7 3 
6 5 24 4 
5 2 25 4 
7 1 5 6 
8 2 27 6 
4 9 9 6 
4 10 17 4 
6 4 9 6 
12301 51471 61300 18965 
65 415 428650 481 
57 831 452312 781 
147 463 419072 253 
335 1059 401676 1498 
2387 4852 398445 3024 
1857 4458 387448 1891 
3570 1958 396139 615 
2494 52008 49659 22094 
1670 2365 343 2445 
2475 904 902 291 
1848 1181 616 237 
2151 522 106 187 
122 409 67 98 
24 253 262 88 
47 114 326 95 
23 391 398 18 
22 502 649 15 
143 484 196 1 
128 689 170 35 
16 107 360 106 
12 21 54 30 
3 13 71 0 
18 7 20 7 
33 12 18 2 
19 54 33 11 
9 58 15 14 
1 38 3 1 
2 7 20 7 
5 1 17 8 
10 4 19 7 
2 3 12 4 
7 0 23 8 
9 5 25 7 
6 9 17 4 
5 13 19 8 
4 10 16 8 
4 0 15 6 
7 5 14 8 
3222 68856 201880 7832 
81 403 384924 479 
349 1595 382769 1668 
194 671 370539 2413 
28 5169 367915 961 
1984 6684 344391 261 
1074 2456 353772 2752 
2383 6505 334878 2742 
1335 6733 3152 844 
1282 6384 117 1700 
501 4961 1181 81 
495 3074 372 134 
223 857 88 116 
262 733 97 50 
416 140 241 14 
209 192 799 53 
90 629 533 49 
54 794 949 24 
38 555 80 1 
2 146 422 7 
2 83 438 26 
30 44 80 16 
1 49 63 6 
3 53 13 25 
18 34 0 12 
17 31 32 1 
3 10 13 5 
14 40 2 0 
5 4 32 8 
3 0 0 8 
4 4 22 3 
3 10 0 7 
3 9 33 5 
5 6 0 4 
7 8 1 3 
3 10 28 7 
5 8 1 7 
4 2 20 5 
7 2 1 4 
3841 8452 338470 1672 
127 470 325888 240 
198 464 330695 347 
235 491 330259 1971 
325 9390 299764 2486 
2084 3129 309582 1611 
419 4854 304204 564 
6473 18039 243398 7170 
1359 6317 224 1661 
2116 7879 1276 755 
986 6317 1247 100 
1159 1732 330 115 
110 2040 89 173 
138 901 33 43 
16 134 430 53 
2 851 620 73 
18 784 612 9 
13 809 929 3 
1 796 106 19 
16 61 357 90 
33 7 212 69 
21 11 108 21 
3 8 5 5 
13 22 2 0 
14 44 10 7 
4 77 14 15 
0 65 12 6 
1 24 19 3 
6 3 20 9 
12 0 12 4 
14 6 19 7 
6 8 15 8 
4 0 4 9 
2 0 29 5 
4 9 0 5 
6 7 30 8 
6 9 0 5 
6 3 24 5 
2565 4057 4628 3350 
94 135 345975 411 
230 426 355981 1052 
26 198 342575 974 
578 1941 341117 491 
1536 4294 303354 1701 
1159 2144 316998 3286 
1877 6735 317363 747 
304 78496 106243 18708 
1297 6412 184 1453 
649 7684 1049 130 
1055 6184 471 23 
1180 473 177 128 
237 1585 61 24 
293 953 12 7 
294 334 567 68 
67 581 657 45 
108 775 698 36 
10 743 506 0 
4 650 209 6 
4 22 289 60 
46 24 238 45 
1 7 76 3 
1 53 29 20 
6 73 10 12 
7 84 12 8 
2 65 2 2 
7 16 25 11 
21 15 2 8 
2 17 10 8 
5 1 9 5 
10 0 29 7 
9 7 9 3 
5 9 38 4 
6 10 5 6 
3 11 27 5 
3 4 29 4 
4 8 1 3 
6 5 30 6 
4701 58922 83472 16629 
82 388 344272 469 
192 443 328847 1570 
154 616 336856 2140 
55 5110 339700 588 
3185 2787 325229 316 
351 3920 321191 2994 
897 7772 323469 2271 
3138 68380 24181 2393 
1580 7875 326 1699 
1019 6024 656 15 
490 5986 334 114 
314 456 148 66 
130 1812 41 89 
170 399 339 28 
144 229 239 23 
18 662 636 49 
46 1119 1057 22 
13 751 181 9 
1 398 329 15 
22 64 280 79 
16 18 180 34 
6 1 26 8 
19 5 1 4 
7 22 25 0 
0 91 0 10 
4 64 18 15 
15 60 3 3 
8 14 37 3 
11 1 1 6 
14 1 30 5 
10 7 5 5 
5 12 44 6 
6 10 3 3 
7 1 8 3 
6 8 20 4 
6 12 9 6 
7 7 18 4 
8 3 6 3 
6047 45952 240759 4378 
206 640 350843 312 
223 359 364848 492 
221 653 347524 2398 
99 6965 333939 1900 
892 1584 338991 425 
1723 5606 325755 833 
2160 7077 326110 2188 
2832 14852 2093 193 
421 8644 310 1204 
561 8271 656 93 
1343 3822 1041 7 
396 1138 110 233 
301 386 159 10 
309 117 237 75 
91 636 708 3 
9 888 751 11 
11 1026 775 17 
39 775 82 17 
37 212 358 58 
25 97 266 87 
26 30 170 29 
1 38 16 1 
9 26 17 14 
12 57 9 1 
4 119 53 4 
14 48 1 16 
7 21 20 13 
4 1 2 1 
3 7 21 2 
7 11 21 8 
5 0 20 4 
5 1 21 4 
6 7 9 7 
5 13 14 7 
4 11 15 5 
4 5 10 5 
7 6 4 3 
16 14 34 14 
2332 3288 366070 1153 
125 461 341434 245 
66 237 357964 162 
326 1270 336238 1505 
1308 2619 333480 2565 
542 2529 333280 1588 
1296 8287 320833 467 
3157 13249 229580 13280 
1396 8749 346 1497 
1001 11313 918 610 
154 7952 322 114 
65 1468 1174 13 
225 436 121 194 
181 806 64 73 
228 333 439 71 
45 1140 901 83 
99 959 800 48 
27 1149 1060 45 
14 732 247 7 
16 57 323 86 
4 16 218 71 
0 1 110 21 
9 2 4 11 
4 25 7 10 
0 40 3 0 
3 105 38 11 
12 71 3 11 
12 21 29 4 
8 13 7 6 
6 1 17 10 
6 6 1 3 
3 7 37 7 
5 14 4 6 
6 12 35 4 
5 1 3 4 
5 1 27 6 
5 5 0 7 
4 5 28 6 
7104 14830 16979 9529 
2 186 353694 489 
150 1000 349635 1292 
141 467 343942 1496 
5 2169 326351 597 
1408 1984 341926 1560 
898 5576 320457 3191 
1271 7061 328414 1694 
1127 37111 82011 12375 
661 9286 498 1481 
862 11597 13 116 
937 8701 187 3 
496 897 745 46 
505 1572 31 43 
112 1231 73 70 
48 1059 704 92 
53 1342 703 62 
46 1374 1404 180 
27 611 553 41 
15 678 197 41 
8 91 311 110 
13 103 82 12 
6 9 103 10 
9 39 0 0 
5 18 9 4 
5 99 12 4 
3 91 14 6 
1 55 17 14 
7 10 19 5 
5 3 14 3 
8 5 17 5 
13 5 14 2 
5 2 4 5 
4 0 42 4 
4 2 6 5 
3 10 28 10 
4 11 5 7 
3 2 23 4 
5 4 3 4 
403 73935 133026 14452 
98 374 371841 473 
44 1282 369860 914 
195 625 365079 2396 
275 1273 359141 1510 
1053 5107 352896 188 
910 6785 350024 1111 
1476 3686 370441 3278 
13485 8971 13627 962 
1230 10488 527 1468 
319 11355 319 43 
428 8378 549 87 
302 2397 889 207 
178 1681 90 78 
273 1537 573 159 
252 694 399 79 
54 866 1120 104 
56 1351 1642 152 
18 931 117 36 
39 203 431 5 
30 67 278 46 
6 27 324 34 
3 4 80 0 
1 12 32 19 
0 15 0 19 
2 96 47 1 
5 57 0 10 
13 37 37 14 
10 13 5 3 
10 1 29 6 
6 2 8 5 
6 6 52 2 
6 10 3 7 
6 6 53 7 
5 4 1 6 
4 0 33 4 
5 4 1 5 
4 5 38 7 
5 5 0 8 
6819 26502 337088 2644 
117 495 379809 395 
189 718 371178 969 
15 215 375668 302 
586 2294 372914 3044 
865 7984 354213 2528 
1021 5583 347009 1164 
756 7090 353966 867 
32 15502 1807 1508 
834 11090 859 1034 
302 11034 568 1 
353 5858 960 256 
139 136 869 95 
246 824 402 104 
95 401 1036 242 
11 1160 773 67 
171 1272 1566 128 
202 963 897 118 
36 766 246 101 
23 127 573 53 
65 48 330 79 
62 19 225 15 
24 6 75 9 
26 26 29 22 
8 31 10 22 
2 70 61 1 
19 5 34 4 
11 1 0 2 
5 5 39 10 
4 17 4 2 
2 19 55 10 
5 5 6 9 
4 1 64 4 
8 5 50 5 
8 8 9 2 
6 1 33 6 
9 3 4 5 
5 4 30 5 
312 386 532 406 
739 631 380613 1127 
188 547 361526 1066 
150 523 350661 2837 
76 157 342491 850 
514 1713 352388 664 
1058 7503 329488 2545 
1319 5520 328431 2426 
12662 12828 173259 8362 
349 12727 631 1246 
191 12515 53 253 
305 12241 460 51 
193 2593 1735 157 
1419 795 161 13 
514 192 215 87 
380 26 938 117 
321 1445 1157 194 
212 1468 1227 112 
80 1384 604 162 
123 627 392 71 
59 55 326 87 
29 115 173 15 
14 112 178 16 
3 90 63 6 
2 82 0 1 
2 60 50 14 
3 31 3 6 
16 4 21 0 
20 2 0 5 
15 7 40 7 
6 13 1 1 
5 12 46 8 
6 4 3 6 
5 1 46 4 
8 1 8 6 
5 4 36 8 
7 7 5 4 
6 3 35 5 
5 1 8 4 
9106 35220 43076 15221 
73 430 329504 356 
384 552 325732 57 
78 492 338379 2103 
135 1034 325342 3074 
1195 4162 324878 1103 
1235 8799 320375 339 
52 4651 326021 1176 
4862 17609 47167 11015 
1078 11953 528 1246 
135 12756 330 90 
79 14041 524 83 
171 2331 708 34 
810 1845 179 29 
854 1453 331 192 
400 928 503 278 
154 1641 959 131 
178 1145 762 60 
93 1117 370 53 
43 480 469 26 
38 89 224 45 
81 106 62 8 
18 98 77 0 
4 155 10 12 
4 106 0 12 
3 86 43 6 
0 31 0 2 
0 8 30 6 
7 17 43 5 
1 10 7 9 
1 7 47 2 
2 2 5 6 
6 8 38 9 
4 10 2 6 
4 7 33 5 
7 1 34 4 
3 7 2 7 
6 9 28 5 
5 6 1 6 
1668 62549 172336 8517 
200 502 339760 372 
74 101 345606 557 
173 496 340536 561 
156 2378 344733 2885 
2152 4571 325192 2896 
412 9033 317109 824 
1224 4284 335296 92 
2772 19130 5551 4838 
474 11481 203 752 
400 14273 19 226 
773 9946 278 130 
925 1793 198 143 
986 5000 61 52 
542 3567 274 80 
233 1522 196 84 
290 1433 497 68 
37 1058 673 39 
62 767 589 144 
38 196 197 45 
24 45 437 8 
18 38 107 23 
11 76 58 6 
2 114 11 14 
11 90 0 9 
10 74 32 5 
5 32 3 4 
6 3 30 6 
0 0 4 1 
4 4 25 8 
3 4 0 13 
6 11 36 5 
10 4 2 5 
4 3 26 7 
8 1 1 5 
7 3 23 4 
10 8 1 5 
6 6 24 6 
5 5 2 4 
3439 8557 301576 1503 
82 448 302312 375 
147 317 297600 2755 
51 664 292604 716 
257 1953 304885 505 
685 4960 284711 2047 
193 8603 272573 1770 
5737 512 270075 283 
376 8737 306 1251 
35 13416 801 142 
9 12576 83 87 
62 6995 1095 83 
1547 4218 89 247 
1411 3518 245 30 
777 3496 448 19 
224 1589 247 17 
133 1090 525 8 
141 871 1006 5 
30 626 352 58 
10 69 294 77 
45 2 274 52 
27 65 117 8 
10 157 35 8 
7 85 3 2 
10 12 15 6 
14 6 10 8 
11 31 21 6 
4 21 20 2 
0 5 24 13 
14 14 15 7 
5 5 10 10 
5 7 19 4 
5 5 9 6 
8 1 17 6 
5 1 16 9 
3 10 15 7 
5 0 17 4 
5 2 4 3 
2868 4138 4759 3101 
110 98 321715 478 
270 1059 294335 409 
87 336 305381 2814 
94 1677 289828 1984 
1474 4533 300744 451 
416 5105 284059 1243 
771 6523 279261 1297 
2306 15606 103793 7852 
662 7666 260 888 
686 13077 172 190 
314 12885 222 78 
375 5579 788 127 
1083 5126 157 202 
384 4408 429 22 
227 2982 404 0 
96 1336 179 16 
71 1008 493 5 
66 598 718 52 
275 484 373 24 
77 74 275 22 
27 67 435 37 
13 105 53 16 
13 184 27 1 
5 64 4 7 
5 35 2 3 
18 25 12 7 
16 38 10 3 
7 24 26 7 
8 5 4 16 
6 1 22 5 
4 2 0 2 
2 12 35 9 
3 8 0 4 
2 7 31 4 
5 6 2 5 
7 2 32 7 
7 0 1 2 
6 2 30 5 
4210 49579 72895 15341 
53 257 312853 399 
8 748 331449 872 
107 411 312732 615 
250 1559 304694 2021 
1772 4568 293139 4072 
720 9256 284825 2354 
1459 6006 293344 820 
4177 10268 20653 12673 
29 14949 200 1665 
355 16894 333 828 
386 16681 263 217 
139 4817 315 262 
1137 6948 54 153 
447 5454 277 44 
112 1895 118 58 
41 351 123 64 
115 280 146 8 
56 110 355 100 
20 125 280 59 
3 61 245 6 
5 14 68 0 
1 19 98 12 
18 89 27 7 
11 26 16 14 
3 20 34 5 
8 44 13 2 
2 48 17 3 
3 11 11 9 
5 1 3 8 
7 0 7 5 
6 13 8 11 
5 7 6 7 
5 1 10 5 
10 2 5 4 
9 3 10 5 
6 5 14 8 
4 3 12 6 
3 4 20 7 
3601 31602 184418 3174 
110 342 269097 306 
204 446 276208 2932 
106 452 276559 3117 
224 1852 278368 1366 
990 5866 268908 1150 
768 9358 257594 3503 
2215 6395 281876 5982 
1981 19505 782 2563 
148 15636 260 3303 
361 13964 57 764 
1305 10068 437 253 
77 5064 95 709 
501 3393 252 330 
386 3289 143 205 
151 347 90 172 
32 483 132 53 
28 297 23 85 
82 60 99 93 
83 62 80 12 
12 53 92 37 
29 44 151 19 
11 1 43 22 
5 31 19 7 
7 69 11 1 
2 63 32 7 
6 13 3 20 
8 8 9 16 
2 12 16 11 
2 23 9 2 
3 9 9 3 
5 5 5 6 
8 1 6 8 
4 4 1 6 
4 7 14 5 
3 4 0 4 
2 5 16 5 
2 3 0 5 
14 14 53 21 
1662 2226 268630 726 
87 410 253289 251 
67 293 262812 804 
173 1380 243223 2551 
1036 3828 261906 3354 
1512 5737 248563 714 
964 9786 237589 1766 
4138 921 170995 11154 
321 15054 171 2619 
558 13475 80 2292 
487 12311 20 519 
283 4370 963 257 
207 2426 186 320 
395 2337 466 385 
215 1168 127 225 
36 150 164 216 
67 1077 106 101 
36 376 229 40 
34 206 54 22 
27 152 136 13 
0 18 150 37 
1 17 153 40 
7 6 29 20 
7 22 33 16 
2 32 0 0 
5 20 2 11 
0 21 7 1 
0 15 13 2 
1 4 4 15 
8 1 18 8 
7 8 3 8 
11 4 18 3 
4 1 12 8 
8 3 11 6 
8 8 17 6 
8 8 3 7 
6 2 16 4 
8 3 0 6 
4693 12101 15358 8588 
29 292 268039 377 
247 420 278780 443 
77 315 278519 375 
154 3770 279979 2338 
460 2747 263050 3755 
2000 6132 265489 1839 
990 9607 263226 1250 
964 63379 62820 22555 
388 12980 30 3137 
319 12072 827 1106 
870 10301 64 486 
1095 1019 8 575 
254 856 631 292 
225 701 803 259 
150 61 771 132 
75 792 218 149 
79 839 218 67 
1 651 163 72 
32 158 112 84 
25 59 111 64 
35 1 96 1 
8 12 174 34 
24 1 29 12 
3 30 14 1 
3 24 0 4 
1 9 17 8 
2 1 15 15 
12 0 0 4 
0 10 8 4 
0 5 15 7 
3 0 19 3 
5 5 10 4 
7 5 27 5 
8 8 7 5 
7 0 13 5 
4 0 8 6 
6 6 13 6 
2 8 13 7 
600 58701 109035 10586 
96 487 303556 439 
100 129 278585 2260 
168 427 300487 1352 
51 7032 321482 370 
2205 5682 306514 2371 
222 4103 296613 3752 
668 10553 287112 2005 
3139 33339 9857 5488 
1020 9312 3 2407 
253 11146 74 32 
187 8958 43 167 
133 1902 462 162 
177 1381 583 140 
205 1608 729 331 
191 1463 918 269 
309 806 62 183 
127 427 242 154 
15 198 14 14 
5 65 23 48 
12 125 1 17 
10 23 14 42 
6 17 45 11 
13 16 14 11 
9 19 32 7 
8 12 0 4 
13 1 26 6 
15 1 14 4 
12 4 3 12 
18 1 3 6 
15 3 16 11 
10 10 0 8 
8 6 28 7 
8 2 3 6 
6 6 7 6 
4 9 15 5 
6 12 5 6 
5 2 17 4 
2 0 5 6 
5152 22140 268433 2219 
176 574 311772 300 
171 187 309196 2378 
164 351 321824 3307 
389 9045 336444 705 
904 8461 329290 588 
3005 3690 324418 3515 
191 9131 289103 1936 
1 3222 268 2240 
408 5987 76 1624 
520 4556 288 124 
689 2587 120 241 
81 5267 811 109 
755 2540 938 21 
661 1849 216 98 
479 1228 151 155 
291 184 38 101 
186 240 51 20 
22 268 195 28 
14 56 92 70 
42 80 64 50 
7 5 20 6 
6 12 84 8 
30 16 21 9 
26 18 20 4 
21 16 0 2 
17 0 19 7 
18 7 0 3 
11 4 13 8 
3 7 4 5 
6 2 16 10 
9 14 2 7 
8 8 21 6 
7 4 4 5 
7 7 15 5 
8 1 4 4 
6 2 26 7 
5 3 5 5 
388 480 672 495 
566 335 345024 699 
47 401 318412 129 
31 291 322223 478 
524 362 339518 2114 
634 6221 323377 2948 
897 5846 327014 1943 
1203 3775 325073 755 
9798 56691 155845 21182 
777 7222 184 1980 
368 6564 966 323 
816 7207 263 23 
2133 2672 27 95 
113 3359 198 1 
597 4135 442 170 
673 1873 248 220 
672 445 173 274 
546 153 243 270 
148 58 65 43 
38 23 198 22 
14 103 168 5 
2 108 38 22 
15 7 36 4 
19 8 21 7 
6 13 4 23 
3 31 32 6 
2 12 19 3 
0 0 9 8 
2 10 5 4 
4 1 24 4 
6 13 0 2 
8 20 8 4 
7 12 7 10 
6 1 15 4 
7 3 3 4 
3 0 13 7 
10 8 22 4 
5 2 4 5 
3 2 20 6 
8331 33034 41562 15544 
69 518 333623 483 
12 841 337058 1800 
152 473 330128 1668 
302 1080 342043 454 
1559 7329 330520 2921 
2208 8347 328677 4383 
334 3480 344114 1705 
4927 38110 49442 13025 
400 4355 34 2008 
384 2324 213 272 
55 3006 441 17 
25 1402 305 37 
1197 3269 198 46 
1200 2138 368 62 
585 1165 179 104 
372 108 459 70 
339 128 335 87 
118 25 257 1 
59 52 443 28 
47 47 118 16 
17 61 49 9 
2 3 103 30 
10 4 18 19 
3 0 8 1 
25 34 6 6 
28 8 20 0 
6 0 0 3 
4 9 18 4 
3 13 0 6 
2 3 14 10 
9 0 9 5 
6 13 8 6 
5 3 15 4 
5 3 4 5 
6 0 12 6 
5 0 2 6 
6 5 16 6 
6 4 3 5 
1745 59726 160112 7301 
101 475 324748 572 
184 1065 320440 2016 
197 700 322812 3691 
240 2498 338257 2034 
1987 6958 327091 607 
764 9852 319037 3085 
1811 1514 308236 4852 
2754 6888 4494 259 
375 2089 14 2433 
93 1905 101 60 
147 1490 130 80 
241 883 47 71 
954 451 139 26 
749 616 541 27 
414 53 569 66 
419 216 635 59 
312 132 354 10 
17 152 602 17 
10 41 565 75 
23 128 240 35 
2 43 132 9 
4 0 34 13 
19 0 31 22 
18 8 47 17 
17 25 6 5 
19 13 67 5 
12 8 19 8 
7 6 44 8 
6 9 3 5 
7 2 0 5 
4 6 12 6 
4 9 0 4 
3 4 24 5 
3 5 0 5 
5 3 15 5 
5 1 0 2 
6 3 8 7 
7 3 17 8 
3355 8857 253223 1300 
140 488 253653 273 
86 544 268245 879 
284 1044 265480 1931 
829 4283 260761 3722 
165 3887 249968 4171 
774 10479 242663 1773 
908 10054 217947 7562 
334 4326 146 2895 
198 4886 247 1700 
113 3418 83 100 
42 1606 341 223 
1251 1349 44 59 
544 869 546 100 
389 311 805 112 
262 347 541 47 
333 363 517 40 
281 120 378 59 
74 135 313 104 
17 16 277 107 
28 8 288 131 
28 67 123 17 
20 85 59 18 
18 29 98 2 
12 22 48 6 
20 11 85 16 
12 9 113 14 
13 12 8 5 
6 4 33 7 
8 4 2 7 
11 5 29 10 
7 3 0 4 
6 0 30 7 
8 8 23 6 
10 4 3 6 
8 6 24 5 
9 0 2 3 
4 2 19 5 
1495 2131 2428 1616 
157 149 260036 534 
36 33 271919 691 
94 403 268561 882 
791 2022 293145 2161 
504 11111 254823 4073 
1413 3666 256947 4176 
181 7985 250328 1451 
2716 74406 89119 22568 
647 11264 79 3644 
1549 10093 1393 792 
904 8864 304 122 
1040 2695 328 17 
698 1155 166 54 
213 1502 170 45 
79 1613 354 82 
115 1186 158 60 
189 725 87 47 
9 588 116 121 
44 328 194 68 
74 138 227 59 
80 98 101 19 
40 76 35 12 
40 23 37 7 
18 16 103 12 
6 9 83 5 
8 15 103 1 
5 9 45 11 
5 9 46 6 
6 1 15 4 
5 1 15 6 
2 1 16 7 
2 4 23 10 
3 3 0 3 
3 3 21 3 
4 3 2 6 
6 3 16 6 
9 3 5 4 
7 0 17 6 
3457 30252 44492 10992 
121 405 220966 339 
181 78 207564 2184 
139 438 221209 2829 
429 1923 217860 803 
1245 7096 206234 1998 
112 8548 191418 4298 
1647 7545 199258 4178 
2143 320 16514 3692 
246 18098 496 3018 
683 27663 46 201 
1612 21256 764 37 
1271 5565 790 106 
210 7197 323 4 
104 4250 122 24 
141 2105 195 16 
56 20 10 116 
34 31 35 108 
2 50 141 74 
47 13 7 24 
23 44 125 13 
1 75 161 23 
2 84 15 0 
0 0 39 17 
0 3 5 34 
6 12 18 5 
7 7 15 1 
13 0 7 12 
0 1 3 5 
4 1 14 15 
3 2 4 4 
5 7 9 6 
6 4 6 7 
5 4 8 6 
8 1 7 5 
9 3 12 8 
5 4 1 9 
5 4 23 6 
5 3 4 4 
2503 25024 130113 2656 
57 185 203998 262 
356 761 197736 2709 
202 660 197518 3084 
230 5009 203895 1102 
945 4270 201574 1342 
227 7995 187632 3897 
288 9809 180707 3671 
24 21707 1327 1379 
1465 11550 219 2991 
1077 12752 688 15 
453 9190 1513 134 
495 681 183 117 
169 1652 176 170 
194 713 7 115 
107 44 189 186 
55 433 60 47 
82 178 66 79 
9 103 90 125 
2 48 34 73 
32 52 113 53 
1 5 55 7 
3 22 7 27 
2 9 9 23 
14 4 37 0 
7 15 2 12 
7 21 14 24 
13 3 3 6 
18 3 18 1 
16 5 4 10 
19 10 10 7 
12 2 0 4 
13 0 10 4 
8 0 0 7 
6 2 16 5 
4 6 2 3 
5 7 21 6 
6 4 1 7 
7 4 27 8 
1750 2631 190183 628 
108 276 179542 83 
68 281 189303 893 
320 1037 186758 2912 
39 7913 179098 3256 
1452 4198 187670 2206 
557 9253 188630 1616 
4255 14361 142436 8311 
469 16378 577 3139 
1643 17465 1000 1052 
2055 12688 63 50 
2961 5629 1043 122 
400 2832 131 10 
170 1926 55 18 
123 370 89 5 
18 143 132 140 
38 334 224 42 
17 207 42 91 
48 33 13 122 
64 15 60 56 
48 85 78 30 
31 1 30 16 
2 0 19 2 
14 16 2 9 
12 5 2 21 
13 7 10 5 
11 3 0 5 
15 7 10 11 
16 4 0 9 
4 9 3 8 
7 13 10 7 
3 4 5 7 
6 3 6 7 
6 2 11 6 
5 6 5 6 
8 5 17 3 
4 5 19 4 
3 4 2 3 
2024 4640 6112 3870 
25 219 171953 109 
23 545 164149 857 
28 122 174303 3341 
227 1265 157819 2315 
248 3874 175822 958 
555 9560 162581 2620 
958 6913 174702 4049 
3752 2500 56641 1195 
691 12263 195 2706 
167 12768 1486 523 
377 11668 284 44 
351 1959 34 112 
1016 1477 0 21 
271 1634 9 45 
86 526 94 91 
92 36 43 27 
16 58 20 6 
21 394 53 12 
40 99 32 33 
61 148 96 36 
4 153 190 21 
3 106 43 3 
12 22 79 25 
10 8 13 18 
5 9 78 6 
8 15 0 6 
2 13 12 8 
3 12 3 10 
6 6 5 5 
9 2 7 3 
11 2 6 5 
9 8 1 4 
5 4 8 5 
4 2 2 4 
5 2 7 5 
4 2 5 3 
6 4 11 7 
6 7 8 4 
886 23686 46032 7623 
89 203 160639 138 
10 407 177781 360 
69 234 160344 1475 
259 5007 152928 3133 
1194 6496 151238 2444 
793 4417 161692 1409 
323 7761 155505 1918 
3054 11702 11146 8765 
473 7624 536 3012 
110 8910 792 15 
19 10463 601 82 
125 1860 185 5 
229 726 120 30 
195 681 24 79 
66 166 93 13 
22 70 134 0 
35 26 72 14 
2 209 125 4 
44 359 62 14 
27 206 94 48 
7 66 26 29 
4 29 120 6 
14 0 50 0 
0 13 43 5 
5 11 120 3 
8 22 9 10 
10 10 35 7 
11 3 3 7 
4 4 13 1 
1 3 6 7 
7 0 4 6 
3 1 16 5 
3 2 1 3 
5 3 15 4 
8 6 1 4 
4 4 15 6 
6 7 3 4 
5 1 6 5 
934 8135 102927 1069 
57 161 130600 83 
118 357 129282 3005 
93 313 136720 1481 
59 7778 125719 1732 
778 4272 128250 4035 
464 7565 120959 2682 
515 5308 131419 1693 
457 4963 1205 3834 
469 4972 750 2804 
434 4318 1061 262 
1166 2474 1231 362 
94 756 1110 231 
67 965 233 48 
85 507 163 69 
34 73 153 15 
66 80 227 2 
17 489 91 52 
17 489 216 27 
54 500 62 5 
53 257 82 43 
84 18 9 5 
37 10 58 3 
13 0 82 0 
0 1 45 7 
0 8 47 10 
3 12 11 7 
13 14 29 4 
15 4 0 5 
7 1 9 10 
5 3 0 6 
3 2 7 7 
5 6 0 5 
5 9 20 6 
4 7 1 4 
5 3 18 6 
8 3 0 5 
6 2 21 6 
16 20 32 15 
314 351 120637 338 
75 203 114267 149 
56 195 112868 3215 
173 1077 109203 2422 
809 3935 116930 1132 
305 5683 109698 2923 
563 6526 109740 3771 
327 9930 73551 100 
321 2746 1052 3129 
287 3247 1543 1665 
325 3202 1227 408 
73 977 1167 533 
32 1981 1442 408 
83 353 500 54 
22 411 242 7 
30 339 543 6 
120 109 243 4 
25 664 116 0 
37 680 249 23 
121 355 182 11 
62 159 71 25 
62 36 52 12 
24 8 59 8 
20 39 14 13 
3 39 66 6 
17 11 38 12 
10 21 0 4 
3 12 16 3 
5 5 3 4 
10 0 13 11 
4 3 2 3 
4 4 5 1 
6 3 14 3 
6 1 0 2 
4 1 10 4 
4 1 1 4 
3 3 15 5 
4 9 0 3 
1365 6130 8603 4136 
0 117 104488 145 
71 9 102286 302 
52 118 109291 2219 
106 2822 101145 3346 
811 3235 113173 3524 
600 6315 106701 1970 
532 5354 106684 2393 
444 16697 21018 10882 
409 2872 745 2903 
523 2104 366 391 
484 2533 811 307 
411 1939 486 113 
72 1718 81 199 
75 628 252 5 
25 571 221 6 
37 101 459 51 
16 159 257 26 
35 367 431 10 
15 251 71 7 
9 105 279 17 
59 34 108 16 
16 18 18 7 
0 9 11 1 
1 40 29 10 
6 21 11 7 
5 10 22 5 
7 2 2 7 
1 12 6 8 
13 0 7 4 
5 4 8 5 
3 9 6 5 
1 8 3 8 
5 7 14 5 
6 3 1 4 
7 2 9 4 
7 1 0 5 
7 2 15 7 
6 4 0 5 
936 12865 41973 3611 
82 180 94570 76 
51 197 90550 1848 
11 103 98898 1763 
7 5271 96343 1676 
208 4174 97209 3699 
827 6538 99412 3445 
486 4580 102821 1886 
1718 10228 3366 4945 
326 2859 522 2944 
757 2747 264 150 
796 2533 23 282 
201 1438 162 185 
211 1657 47 4 
75 572 171 10 
60 471 66 20 
23 125 186 21 
13 116 341 7 
27 160 221 14 
10 131 98 10 
4 9 225 15 
25 6 54 10 
7 13 6 4 
7 11 25 5 
9 3 5 4 
18 10 36 9 
7 21 2 4 
15 1 3 5 
8 1 13 8 
5 6 3 8 
3 4 5 5 
4 0 5 5 
3 1 11 6 
7 1 6 8 
7 7 4 4 
5 4 11 5 
6 1 11 7 
4 4 8 4 
4 5 10 5 
266 1904 84206 267 
21 101 89897 135 
47 55 95003 3396 
279 586 85770 3183 
412 4010 97041 2343 
860 4904 100408 1267 
375 6332 90401 2755 
49 4466 89394 1874 
216 3101 719 1884 
969 1947 536 1872 
481 3139 54 76 
275 1296 282 35 
89 3796 46 1 
227 1605 584 20 
199 678 444 14 
9 160 457 13 
7 4 304 12 
25 268 185 6 
8 269 30 14 
89 56 105 8 
23 25 57 23 
9 27 90 19 
18 9 9 5 
10 19 8 4 
11 39 14 2 
10 36 3 4 
4 8 6 13 
12 3 15 6 
12 3 1 4 
10 2 9 6 
5 4 8 7 
10 1 6 10 
9 3 3 3 
7 6 7 4 
6 5 4 6 
8 6 7 7 
7 3 3 6 
4 9 2 6 
578 716 767 566 
168 96 88055 78 
20 81 88170 102 
17 25 91966 1734 
633 1372 98396 3132 
137 8868 87155 3569 
645 3491 95900 3332 
434 4210 95629 1837 
531 21371 40411 12152 
56 4360 182 3280 
182 2108 641 501 
61 3799 125 116 
511 1376 215 163 
118 1225 325 40 
142 508 417 8 
37 177 304 20 
6 98 100 35 
73 369 151 66 
54 441 35 41 
16 221 146 60 
11 38 124 34 
14 14 133 82 
1 41 68 20 
1 7 7 2 
4 6 2 19 
8 7 36 24 
9 0 6 3 
17 1 11 4 
21 6 2 12 
6 3 3 12 
6 1 10 6 
6 2 3 1 
6 6 4 7 
6 6 8 10 
5 5 5 5 
6 5 7 4 
6 2 10 5 
5 1 9 5 
5 4 6 7 
1460 8922 13321 4907 
37 255 109021 182 
100 444 124484 312 
31 146 120191 1262 
159 1892 113496 3007 
1863 4298 123217 3167 
1129 6865 123338 2039 
519 5194 136901 2024 
1462 10706 25643 13352 
1152 11557 106 2771 
729 10790 214 275 
381 13838 247 479 
831 2677 55 180 
137 2627 15 144 
39 2344 94 34 
159 690 184 73 
192 174 85 31 
56 17 76 0 
54 44 132 32 
70 27 27 9 
5 0 88 2 
6 21 92 10 
12 61 11 26 
9 21 3 16 
35 22 4 3 
0 57 15 15 
1 48 7 0 
0 10 19 4 
2 1 5 8 
5 6 36 4 
7 12 3 7 
4 4 27 7 
3 2 19 4 
6 4 5 5 
5 4 14 4 
4 3 5 5 
5 2 16 7 
4 4 8 5 
4 1 11 4 
316 25615 74199 4037 
47 179 153265 66 
32 97 168584 1025 
25 85 158744 1518 
95 5003 154597 2824 
773 2443 161115 3517 
642 5789 162690 2359 
723 6767 162158 1600 
1503 18068 4880 5903 
1035 8216 900 2215 
651 8794 1016 233 
731 4660 2452 47 
158 678 1465 29 
96 1123 760 42 
54 533 730 73 
209 41 326 8 
194 91 494 31 
115 163 353 6 
1 39 539 11 
79 49 152 42 
6 47 486 72 
9 166 270 1 
16 83 62 4 
40 15 3 6 
20 0 13 3 
14 0 0 1 
8 1 1 11 
3 1 0 5 
4 3 10 2 
8 8 2 4 
7 3 10 9 
10 5 0 7 
6 4 24 6 
8 2 0 4 
6 3 21 3 
7 3 0 5 
5 1 22 7 
5 3 24 8 
4 2 1 4 
2875 7070 215500 1151 
83 191 217920 79 
125 148 222118 2699 
73 58 239510 1855 
437 2981 235134 2047 
1204 5568 241444 4125 
684 3715 248711 4262 
6404 11267 231664 2173 
2124 9230 989 4260 
2502 8411 1614 2596 
2270 6279 433 132 
2211 1871 2169 84 
971 1042 293 172 
317 621 32 3 
224 27 126 21 
249 60 329 52 
124 436 132 30 
77 229 445 0 
26 115 130 15 
19 49 130 9 
9 6 91 6 
10 76 123 0 
18 12 110 12 
7 9 10 10 
36 39 43 9 
52 38 2 4 
1 9 2 8 
9 12 20 3 
3 15 0 5 
9 9 21 6 
5 3 0 6 
8 5 25 2 
5 6 0 8 
10 4 0 6 
7 0 18 5 
8 3 2 4 
4 3 16 4 
6 3 0 4 
1989 2905 3314 2281 
134 14 236727 172 
3 29 234527 303 
63 225 228826 1417 
127 1561 217560 2271 
1151 4961 241691 3940 
847 6844 236421 2632 
1373 2991 238359 1397 
1160 17453 94103 21127 
1506 1914 84 2221 
1773 2253 915 572 
802 3016 743 241 
1358 1328 412 40 
148 1301 144 37 
67 1428 251 44 
43 1271 17 91 
26 795 66 40 
57 593 45 38 
76 824 117 2 
99 700 153 5 
36 326 261 31 
6 125 132 11 
15 13 204 35 
29 1 128 13 
13 4 25 2 
12 14 25 10 
6 4 14 6 
4 4 2 7 
0 23 10 4 
4 15 0 6 
3 3 19 6 
4 3 1 7 
6 1 16 5 
5 0 0 5 
8 5 18 5 
7 7 0 5 
5 2 18 4 
9 2 0 7 
6 2 19 6 
5014 40135 53305 12365 
55 245 250160 271 
153 87 220375 1536 
129 352 237768 3149 
181 4759 253636 1395 
968 6549 265628 763 
848 2855 259769 3529 
1654 5486 255201 3511 
5160 38676 24908 866 
1996 2169 364 1952 
1642 808 600 14 
1862 807 190 63 
1751 3622 175 137 
296 3668 45 2 
614 1800 243 23 
225 2749 96 56 
138 1685 73 53 
255 912 34 4 
195 1430 45 8 
58 1247 318 2 
90 325 190 18 
23 310 191 10 
33 96 291 0 
16 7 69 29 
20 10 46 9 
17 13 9 2 
23 8 17 5 
9 14 2 4 
14 34 5 4 
8 22 10 5 
7 4 4 6 
5 4 27 4 
2 1 8 4 
2 1 27 6 
5 9 12 5 
7 0 16 5 
3 2 14 5 
5 6 15 2 
4 8 19 4 
5682 39689 185367 3354 
25 162 288211 312 
141 16 292493 833 
87 353 293517 1779 
117 5423 287356 3684 
1583 2265 301338 2064 
996 6626 297219 710 
945 4433 299293 1997 
518 6539 1817 1489 
2302 3531 570 1672 
1277 4746 414 267 
267 2295 1360 71 
157 1566 267 77 
24 2290 181 25 
143 839 287 7 
240 2119 74 30 
150 1527 7 3 
103 1168 51 3 
81 1442 43 13 
56 1033 118 14 
29 464 58 41 
28 123 186 29 
61 31 123 5 
33 37 111 1 
14 18 9 6 
5 5 72 9 
2 0 5 12 
0 8 35 6 
2 27 0 1 
7 16 32 9 
14 2 0 6 
13 4 31 5 
9 4 3 3 
7 2 43 7 
6 11 1 7 
4 6 35 8 
4 4 1 5 
5 2 30 5 
3 0 1 2 
2224 3013 309674 1456 
133 497 290804 288 
143 454 292586 1350 
60 1112 290646 1368 
87 2570 297694 3362 
2166 5953 294595 3084 
1344 6186 295112 1000 
14738 3481 229058 13994 
1443 2929 10 2229 
2049 7139 462 1181 
2210 6627 7 164 
2408 1784 786 53 
96 1386 352 142 
84 1075 129 42 
27 465 46 15 
102 1770 1 83 
176 1489 100 48 
165 1622 18 41 
59 1625 3 28 
257 1334 68 20 
137 558 104 24 
53 200 106 13 
22 21 96 0 
11 4 28 8 
10 12 21 9 
8 23 17 4 
3 11 4 2 
0 0 13 1 
0 2 12 6 
5 0 23 6 
1 2 10 7 
2 5 14 6 
3 5 11 2 
6 3 27 5 
6 8 7 6 
7 6 33 6 
5 1 32 7 
6 4 0 4 
5417 11582 13889 7838 
62 416 277487 224 
225 749 303030 1153 
53 354 289345 1606 
74 1627 267977 904 
1892 5151 272762 3043 
1360 7987 262927 3717 
1036 2956 278992 1485 
478 24512 72712 17622 
2007 4466 403 1982 
2170 4205 1006 297 
1259 7759 152 15 
676 723 126 6 
31 372 44 98 
15 138 48 10 
58 314 91 2 
12 615 3 8 
18 1139 17 18 
45 888 13 69 
28 496 17 4 
83 625 57 74 
30 400 30 61 
36 137 232 8 
31 23 33 2 
19 10 35 9 
6 6 10 5 
13 17 12 7 
19 3 3 8 
16 2 23 2 
16 4 2 3 
6 9 31 8 
12 0 6 3 
7 2 14 3 
6 4 4 2 
4 1 17 5 
9 1 3 5 
9 4 16 4 
5 4 3 5 
4 4 27 7 
876 42888 72395 9258 
58 225 233499 305 
129 147 219816 2487 
128 421 238486 2677 
242 4175 248762 751 
1138 7357 245043 1456 
836 3116 245998 4073 
2078 6228 241054 2462 
501 11059 13199 2613 
1604 5549 439 1737 
912 4440 324 53 
1572 4378 284 43 
866 1989 584 109 
5 620 103 19 
32 136 509 5 
15 48 167 3 
33 18 115 42 
89 92 159 2 
41 440 7 12 
32 140 11 26 
8 178 15 3 
7 39 42 19 
10 24 18 1 
20 5 6 9 
5 9 16 10 
9 7 37 4 
10 1 19 3 
15 6 5 2 
9 4 25 3 
10 4 2 10 
12 7 22 4 
1 3 23 3 
2 7 2 6 
6 3 24 9 
7 1 1 6 
5 3 18 2 
4 4 0 5 
6 3 21 5 
5 3 17 6 
6818 26029 232724 1816 
31 221 288732 321 
131 439 285761 3680 
163 315 291618 1480 
73 7537 273061 1356 
1721 3249 286235 2148 
1574 3900 271107 2780 
3199 6047 258608 727 
2588 3281 202 1514 
2599 6478 172 1179 
2038 7718 38 58 
2473 3548 849 106 
266 2449 171 33 
56 549 81 0 
32 112 758 55 
10 427 328 4 
2 137 557 7 
21 236 338 35 
54 420 201 19 
51 272 59 13 
17 149 68 17 
51 35 124 19 
30 3 14 7 
40 1 10 4 
49 2 16 6 
25 19 1 7 
18 3 1 8 
16 11 17 5 
14 5 1 5 
12 4 20 5 
6 8 0 5 
6 4 17 9 
7 7 2 8 
8 5 12 4 
7 2 4 3 
8 1 16 3 
5 3 5 7 
3 4 7 5 
53 81 125 93 
755 635 290974 983 
119 386 266907 319 
159 300 270011 2783 
188 1728 261302 2761 
581 1761 274252 1061 
1049 2961 263586 1005 
1516 8283 246775 2094 
5419 10494 148724 3921 
2062 4706 230 705 
1465 7098 9 249 
1363 8570 158 23 
1136 1310 1114 164 
86 332 292 13 
22 298 357 70 
118 91 450 117 
52 345 797 115 
5 241 501 196 
11 11 803 95 
69 64 254 48 
71 63 150 13 
23 4 217 7 
31 34 53 9 
27 20 10 12 
31 3 13 4 
30 1 0 1 
2 4 7 2 
15 1 9 6 
10 1 17 11 
9 1 16 3 
11 5 12 7 
10 3 3 6 
3 9 19 5 
3 4 18 8 
7 3 0 4 
5 0 19 2 
4 2 1 5 
5 5 19 5 
6 9 4 4 
8142 24503 29803 12690 
56 516 309793 428 
93 263 289209 390 
238 824 313079 3376 
493 738 316905 3185 
1805 4940 322513 488 
1185 3761 315678 2104 
3694 1427 309690 5325 
925 39672 50545 1623 
1178 5017 253 3158 
1756 6033 149 859 
1759 4421 965 581 
1924 868 264 486 
177 1250 175 260 
30 968 305 161 
131 632 650 221 
33 154 169 121 
36 59 316 165 
46 83 63 148 
60 50 26 90 
2 124 108 49 
0 37 185 7 
2 4 41 22 
0 37 127 0 
3 41 27 18 
4 27 51 17 
6 5 7 1 
5 1 35 9 
4 7 13 11 
5 13 9 12 
11 19 19 6 
9 17 22 2 
8 2 22 8 
2 1 13 10 
4 1 28 4 
4 5 5 6 
3 6 30 6 
5 6 0 7 
5 3 25 7 
451 64707 146740 9627 
48 241 343302 372 
27 840 322907 2472 
101 534 339777 3094 
315 3114 355138 805 
1856 6278 361360 1682 
1623 3135 379841 4488 
611 3358 361915 3590 
9107 3378 6542 2098 
1836 5912 1394 2368 
2405 6249 926 430 
1786 6004 777 491 
1207 728 801 226 
100 463 615 317 
256 375 305 261 
101 1015 905 205 
49 1361 718 148 
34 526 542 45 
0 929 385 1 
7 934 91 29 
30 204 73 11 
0 90 90 10 
15 159 27 1 
10 76 4 28 
19 9 60 25 
0 3 4 2 
0 11 9 4 
11 1 10 9 
10 0 0 3 
12 9 15 4 
7 17 3 4 
6 11 17 7 
3 5 2 3 
4 1 26 4 
5 7 23 5 
4 6 1 6 
7 3 29 6 
4 3 0 4 
7 2 28 5 
5926 15801 333080 1910 
119 418 349123 347 
107 439 337260 2482 
113 755 336202 2482 
272 2502 357883 1269 
1103 3177 375157 705 
1250 7132 363919 2453 
9312 281 337384 3402 
2798 7972 1588 1583 
1571 4799 3258 1387 
2721 5961 2104 195 
3230 1947 543 235 
722 713 841 266 
272 99 241 176 
137 57 373 59 
65 138 1035 52 
45 327 941 28 
10 150 432 85 
35 476 357 116 
20 145 171 65 
10 30 212 17 
9 4 48 4 
1 18 18 30 
30 23 7 20 
42 7 36 22 
18 6 0 3 
5 0 19 1 
2 5 5 3 
3 11 6 9 
5 13 8 10 
11 7 10 7 
13 14 4 8 
6 12 7 6 
6 5 15 5 
6 2 8 4 
5 3 15 6 
4 3 11 7 
5 3 0 6 
2014 2538 3052 2142 
342 49 380388 486 
125 782 353379 83 
63 354 376580 1524 
48 648 365659 2967 
2248 4847 396027 2286 
1482 6293 407375 691 
2407 3273 416513 1222 
2424 21390 176741 20926 
3930 7493 1505 1660 
4857 4938 917 785 
3152 5486 1454 89 
2637 821 473 111 
188 900 150 345 
348 462 215 34 
157 233 177 17 
33 143 538 43 
0 238 540 67 
33 76 382 140 
60 150 140 29 
6 24 141 33 
3 28 91 58 
9 37 89 28 
1 33 0 0 
12 7 31 11 
1 2 11 16 
3 1 7 7 
7 6 6 4 
11 13 5 2 
2 0 8 2 
3 4 6 3 
1 18 12 7 
1 13 1 6 
5 8 22 6 
6 6 4 4 
7 1 25 4 
3 5 23 4 
5 3 6 4 
5 2 24 5 
10722 63265 76945 19132 
140 551 424797 608 
44 793 427309 1426 
186 533 422948 807 
56 2399 420443 781 
1831 2521 442385 3725 
1334 7231 439835 4825 
2729 3151 454062 2675 
9849 47911 49262 10895 
2374 7473 1453 2407 
2241 8593 3036 992 
3439 6548 1210 522 
2390 92 1111 543 
60 244 379 317 
192 182 578 79 
26 438 657 71 
7 750 908 69 
36 331 1157 84 
21 264 674 24 
21 458 370 55 
19 152 291 71 
23 10 81 8 
7 17 145 4 
7 65 7 29 
0 52 7 10 
25 0 2 10 
9 7 2 14 
1 12 12 3 
7 18 7 1 
4 11 7 5 
4 0 0 7 
1 1 12 8 
13 5 11 8 
8 0 15 3 
5 1 13 7 
4 4 12 7 
4 7 11 4 
6 6 22 5 
7 5 12 5 
8103 69133 304414 7793 
136 559 494129 327 
199 1090 493677 3144 
42 360 512800 3027 
438 1107 -100 832 
1554 5934 541428 1182 
2262 3589 547455 3662 
3587 3041 565678 5284 
10068 5103 2756 1424 
4828 4052 1972 2301 
3280 4812 1498 447 
2459 2555 1124 345 
1793 604 10 220 
89 75 63 7 
147 90 79 105 
23 105 740 92 
46 194 427 49 
27 47 489 72 
31 177 302 67 
37 67 146 86 
41 14 225 27 
108 38 92 1 
46 28 50 4 
26 58 2 21 
13 15 11 8 
3 13 10 0 
3 6 12 4 
2 8 6 7 
3 1 22 12 
7 0 7 6 
9 7 1 9 
9 1 22 6 
10 4 0 3 
5 4 20 7 
4 5 0 5 
2 6 23 6 
6 2 0 5 
7 7 1 7 
8 5 37 6 
4247 6045 511396 1632 
116 476 497342 543 
74 447 502242 319 
419 437 526448 1247 
606 11240 524031 2705 
2749 2417 -100 3381 
2188 2764 -100 1097 
12740 38490 419554 20917 
2563 3158 1597 3854 
4056 2562 244 2379 
3062 2847 1361 371 
4111 579 1445 559 
288 179 385 451 
103 69 21 23 
30 10 11 25 
49 339 5 21 
25 72 203 6 
32 104 80 30 
11 47 3 35 
13 10 32 36 
9 20 98 20 
24 118 7 2 
9 66 19 2 
5 20 21 30 
0 13 7 11 
4 3 17 1 
3 6 12 9 
6 8 3 5 
9 15 22 4 
8 6 0 2 
7 2 23 5 
4 4 0 8 
2 6 28 6 
4 3 25 7 
5 2 0 4 
4 2 28 4 
6 5 1 4 
4 2 35 8 
9327 16557 18277 10927 
25 239 521891 686 
159 973 -100 1509 
144 537 510807 2789 
184 2966 523023 349 
2471 1571 522758 1497 
2509 3760 528644 5570 
2270 5435 535155 4613 
864 117873 155466 14925 
2493 2064 1254 3617 
2205 4609 2294 1435 
2430 3797 1091 571 
2258 58 184 610 
9 117 158 383 
39 48 1 63 
52 29 101 7 
131 268 48 14 
41 17 143 41 
101 103 303 37 
68 24 217 6 
26 16 393 2 
16 17 152 15 
30 65 98 18 
4 3 9 5 
2 7 47 5 
2 7 2 10 
10 3 22 11 
8 16 4 7 
3 9 17 5 
3 2 1 8 
1 0 19 2 
4 5 1 2 
7 5 25 10 
5 5 2 6 
6 3 28 6 
4 4 4 5 
6 2 29 7 
6 5 3 7 
7 3 41 8 
3032 98055 148399 22195 
240 782 499461 522 
194 434 469474 2136 
116 747 488904 4195 
32 4225 503931 1407 
3511 913 509044 542 
1930 5298 507260 4272 
5414 4590 501917 5691 
6745 51129 29537 747 
3455 2091 1599 3134 
3161 2708 842 627 
2395 3158 757 490 
1293 409 292 824 
17 101 65 274 
30 18 33 154 
110 17 287 28 
46 52 81 45 
151 63 91 13 
89 49 206 0 
77 9 292 19 
4 14 143 21 
107 33 44 20 
44 59 25 4 
43 20 1 3 
39 2 7 1 
19 2 0 14 
8 4 7 12 
5 9 12 3 
4 1 15 4 
12 0 3 7 
9 5 8 5 
11 8 4 2 
6 4 20 7 
4 3 2 8 
2 3 28 5 
4 2 23 5 
5 5 1 6 
5 3 19 4 
5 4 8 5 
8353 42536 311775 3668 
307 1081 406428 544 
364 1196 411931 4575 
456 1260 417665 2832 
308 6484 454516 173 
2849 1824 455456 1513 
2547 3863 449818 4857 
2048 10061 436005 2472 
3266 2537 1828 2780 
3023 4727 2037 1907 
2970 6564 1596 307 
2312 3707 1099 386 
1904 1316 421 33 
142 791 178 34 
194 411 465 103 
119 58 428 52 
67 357 333 82 
104 99 444 127 
54 98 291 24 
57 23 63 34 
39 2 93 75 
44 21 23 12 
27 15 63 2 
13 11 71 4 
31 27 62 16 
25 1 13 7 
12 1 31 6 
6 4 7 5 
7 11 13 2 
11 13 0 5 
8 3 10 5 
8 0 3 7 
10 0 3 4 
8 1 5 3 
5 5 7 4 
6 9 13 9 
5 8 16 4 
5 4 14 5 
45 42 89 38 
1851 1950 413780 1416 
85 524 390773 703 
212 857 374260 2511 
521 319 408198 453 
926 6926 390722 1190 
1583 5025 387918 2691 
4445 1135 383396 2540 
1747 41538 255383 6257 
2893 7929 860 1370 
4162 7999 1766 680 
5044 5759 924 49 
5676 1906 1647 47 
642 1638 248 3 
411 1116 155 41 
208 750 213 71 
62 267 189 69 
4 415 378 39 
66 60 142 165 
70 114 48 58 
3 48 21 54 
1 44 45 20 
11 3 56 13 
20 3 165 1 
9 18 75 14 
15 24 97 14 
27 7 11 1 
7 0 41 0 
5 6 3 2 
6 2 24 7 
5 6 17 4 
7 0 1 2 
5 4 8 7 
2 9 4 9 
3 8 16 4 
4 11 6 4 
5 5 12 4 
6 4 20 4 
5 6 1 6 
10271 27373 31337 13681 
18 195 369451 211 
87 211 336725 263 
95 269 354771 2515 
199 2635 368093 2222 
2361 4173 349102 569 
1882 2687 342431 693 
3718 5095 317164 1687 
3619 76728 58597 11587 
2988 3440 301 1395 
2030 2488 238 832 
2389 3083 1483 152 
2712 1263 604 166 
287 1974 265 43 
167 2137 112 79 
162 853 74 81 
170 104 196 35 
203 17 235 21 
70 4 506 27 
182 45 645 21 
71 24 515 26 
91 42 385 8 
39 14 127 8 
17 28 16 1 
10 15 12 15 
2 4 0 14 
3 5 4 7 
4 18 27 0 
3 18 2 12 
10 23 10 12 
8 0 3 5 
8 0 12 3 
8 2 1 5 
7 7 22 5 
6 6 0 5 
8 3 23 8 
6 6 0 5 
6 4 29 4 
5 4 0 6 
203 58765 128078 10242 
161 510 308661 379 
205 215 314002 182 
65 414 314460 743 
299 1348 309884 2922 
2925 6382 294424 2587 
3412 3763 302694 582 
2212 1563 303199 1454 
798 3057 7064 7117 
1016 461 132 1820 
1784 315 456 225 
1828 151 840 50 
1198 3829 1062 233 
195 3743 344 45 
332 4100 450 29 
231 1772 473 17 
52 329 440 5 
155 63 462 2 
74 27 335 4 
76 13 518 0 
6 19 215 18 
15 15 363 12 
12 15 43 4 
2 10 48 4 
4 20 19 6 
0 15 0 2 
0 2 40 2 
7 5 4 9 
6 7 15 11 
11 16 2 2 
8 8 11 3 
1 2 10 1 
2 6 1 9 
4 6 17 7 
2 5 5 4 
5 3 22 4 
6 3 5 5 
6 3 23 6 
5 2 29 4 
4465 12342 264918 1556 
84 352 298188 223 
72 342 294042 2619 
6 116 297816 1253 
169 1334 292216 826 
1813 7097 281205 2393 
652 4755 282289 3185 
3866 7917 274846 521 
1093 5771 208 2961 
1073 5532 61 1654 
1106 5038 57 77 
2165 1557 572 251 
163 753 77 155 
23 913 150 12 
28 785 165 21 
41 138 230 39 
75 130 346 32 
22 410 128 46 
2 296 649 45 
72 40 247 4 
64 122 260 6 
37 90 270 12 
26 6 17 11 
19 9 17 0 
17 8 1 6 
5 0 18 12 
6 8 1 3 
1 1 17 3 
1 19 3 10 
3 10 12 4 
4 2 6 2 
8 2 12 9 
7 2 4 6 
8 8 13 4 
6 6 9 5 
7 4 14 5 
7 3 12 5 
6 2 6 5 
672 927 1198 988 
218 82 265302 629 
1 205 260815 311 
89 216 250162 560 
114 140 234481 1482 
1216 4834 234265 3183 
1095 7532 219045 1325 
439 5463 227341 456 
4110 9320 107555 17953 
1149 8943 656 1495 
970 11704 2721 469 
728 8927 897 229 
588 1983 1726 0 
116 663 263 50 
10 789 260 36 
21 387 236 20 
91 403 244 13 
118 367 201 0 
18 770 131 65 
28 695 143 12 
103 553 325 33 
45 307 397 22 
17 50 302 15 
9 31 138 3 
2 6 114 9 
1 2 96 3 
16 0 30 2 
9 2 60 6 
10 1 3 5 
10 1 29 5 
14 5 4 6 
6 13 33 3 
6 14 5 6 
7 4 0 4 
7 3 25 7 
9 5 0 5 
6 7 24 6 
7 6 0 5 
3 3 16 4 
5114 26786 35113 11125 
158 466 235274 196 
217 217 221550 1307 
81 466 230832 3840 
470 1055 229483 2300 
1202 6103 212906 786 
838 5817 210866 1819 
39 2565 209907 2939 
4302 20252 26109 1471 
548 2099 497 1561 
975 4138 1046 6 
589 1893 297 26 
659 1904 28 42 
1001 2549 123 45 
736 2569 126 33 
738 990 348 31 
514 198 246 18 
202 133 340 83 
120 144 17 41 
68 40 6 58 
3 40 63 105 
9 51 10 24 
0 4 3 42 
12 15 11 29 
21 7 8 1 
26 1 25 5 
14 6 7 3 
13 27 0 9 
7 13 20 9 
8 0 1 6 
7 3 10 4 
13 7 5 5 
6 15 5 3 
3 8 13 3 
3 3 3 4 
4 2 11 6 
4 1 3 4 
4 2 15 4 
7 5 2 5 
1755 39187 124329 4478 
126 430 236734 330 
84 74 241044 924 
47 264 244644 777 
246 5219 235817 2628 
620 7882 219931 2769 
887 3174 223532 1227 
235 5888 225716 765 
3875 1576 871 5176 
884 3796 18 2316 
983 3597 72 11 
1022 3146 547 74 
598 517 430 66 
222 20 139 8 
183 68 245 51 
161 157 200 57 
249 485 105 47 
157 730 90 21 
165 403 72 34 
110 740 55 107 
35 246 50 28 
59 60 88 43 
4 46 33 37 
0 43 4 7 
4 41 9 0 
11 37 33 15 
6 40 14 6 
4 13 41 5 
3 26 2 8 
4 31 31 6 
7 22 0 4 
8 6 25 6 
7 2 0 5 
9 4 14 4 
5 4 20 4 
7 7 4 3 
5 7 13 5 
3 5 12 6 
5 3 14 5 
3071 5648 219009 947 
55 299 224945 429 
60 227 215970 4249 
370 1006 211741 1801 
190 6906 206213 864 
1265 2258 211807 2952 
666 7790 207421 3822 
4413 14919 167717 134 
271 8049 111 1800 
273 7017 831 1291 
325 9232 359 57 
437 4006 815 15 
485 2063 251 51 
162 772 82 39 
65 370 42 36 
85 1280 145 33 
134 857 99 6 
110 744 125 35 
39 911 131 26 
53 442 3 5 
84 176 29 21 
53 6 21 49 
26 6 45 11 
6 49 12 12 
14 5 44 2 
25 0 3 8 
11 3 8 10 
4 12 19 0 
3 18 0 3 
4 9 19 9 
3 1 15 8 
4 9 0 6 
4 6 20 5 
5 7 0 6 
4 5 18 6 
7 5 0 5 
9 3 22 7 
6 5 1 6 
1720 2933 3630 2586 
57 128 200569 331 
154 1010 188656 527 
125 678 191122 3746 
366 148 184740 3514 
345 4982 201117 717 
772 7542 190718 1566 
420 2785 187347 3843 
5331 16922 70828 1828 
1131 4624 66 2154 
802 5422 775 316 
886 5412 28 11 
1098 1019 487 144 
67 1560 55 180 
271 994 165 39 
391 318 35 41 
286 74 75 48 
189 121 166 37 
80 81 1 42 
89 44 34 27 
134 122 1 3 
28 21 37 2 
31 149 41 4 
12 56 70 15 
9 4 3 14 
1 1 41 1 
5 2 0 2 
8 8 33 7 
4 17 0 11 
6 1 4 6 
5 2 10 3 
5 2 4 6 
7 8 9 6 
6 9 10 4 
5 4 7 5 
7 4 9 5 
5 3 10 6 
5 3 1 4 
5 5 18 5 
3405 30392 41673 9046 
70 374 191995 378 
235 209 175931 705 
187 535 182655 3764 
305 6205 183377 3127 
1175 4447 177830 964 
2176 2942 179594 2314 
1134 5706 165466 4707 
5544 22205 12348 637 
1710 3160 11 2890 
2350 2838 468 158 
2237 2329 428 171 
1799 588 118 293 
228 631 48 63 
138 473 17 20 
112 110 214 5 
226 564 5 59 
251 618 56 89 
57 383 28 0 
84 371 16 19 
56 220 12 31 
45 74 63 2 
23 6 22 17 
28 8 86 7 
1 1 44 1 
10 77 55 6 
2 25 71 14 
1 5 13 0 
7 0 10 8 
12 1 2 14 
6 5 6 8 
7 3 6 2 
5 11 6 2 
10 4 4 5 
6 5 4 5 
7 3 7 5 
5 2 5 6 
5 3 9 5 
6 4 8 5 
1871 23706 111334 2276 
103 353 172614 142 
78 310 181384 1533 
53 189 169091 3540 
46 3983 162763 2938 
1243 7584 162669 1172 
763 5980 167426 1879 
2816 4982 160777 4488 
3356 6697 975 1399 
1834 7698 9 3138 
2027 5158 257 120 
2686 5022 59 121 
680 2229 150 312 
45 1140 369 120 
103 390 99 13 
53 256 99 11 
91 81 30 20 
49 290 49 0 
9 137 10 3 
27 293 254 7 
4 173 54 24 
0 56 60 4 
6 58 31 15 
24 11 55 5 
15 12 47 6 
11 50 50 4 
3 31 26 2 
2 22 11 21 
8 5 17 7 
13 1 2 2 
2 5 6 6 
5 5 15 2 
4 0 1 7 
13 4 17 7 
8 4 1 5 
7 5 18 5 
7 5 0 7 
6 4 0 7 
7 6 22 5 
1983 2536 185221 614 
40 231 184828 281 
69 144 179546 1129 
30 226 171261 2661 
713 6744 176996 2993 
1076 8079 175187 1314 
1754 6860 178607 1457 
669 2612 127749 8598 
1921 10287 129 2356 
2694 7819 111 1462 
1855 8923 100 61 
2238 5409 332 57 
245 1049 448 176 
170 1760 357 20 
16 584 646 57 
148 79 440 8 
126 75 529 10 
78 28 442 16 
26 13 306 5 
4 188 453 4 
10 107 354 18 
7 42 95 31 
3 19 42 11 
3 12 5 5 
9 30 44 9 
6 46 2 1 
6 1 1 6 
12 0 25 1 
10 5 0 7 
11 7 10 15 
8 7 1 5 
8 3 9 1 
5 0 3 8 
5 3 2 6 
4 2 18 5 
7 3 0 3 
7 4 20 6 
7 3 0 5 
2989 6205 7659 4421 
16 190 187711 137 
81 29 200834 365 
92 420 186633 1114 
273 690 183953 2456 
578 5366 181635 3542 
1396 7776 179621 1878 
1887 4908 194519 1486 
5621 8993 48662 17958 
1732 10082 239 2328 
1260 8353 104 537 
2653 8630 318 71 
2568 2251 52 20 
138 964 697 177 
112 550 805 70 
171 242 880 21 
101 62 790 15 
1 88 1122 11 
34 60 579 10 
9 53 318 29 
15 73 391 60 
23 11 205 3 
19 29 47 0 
0 74 2 3 
0 13 28 7 
5 43 2 8 
3 17 22 14 
2 1 10 5 
2 0 24 3 
2 1 13 5 
5 4 14 7 
9 7 9 2 
6 6 13 6 
4 2 12 8 
7 1 5 4 
8 5 15 5 
7 4 7 4 
7 2 17 8 
5 5 4 6 
1159 36655 60588 7530 
95 301 204215 271 
212 323 206625 1362 
20 197 208099 949 
164 2540 201866 1302 
1975 5996 191438 3199 
1586 7185 195435 3209 
532 5315 204925 1579 
2995 7188 8791 10138 
1488 9971 517 2316 
2073 9306 492 539 
715 10652 364 151 
675 1183 655 151 
15 756 845 383 
92 465 1360 82 
221 227 827 85 
370 182 1231 181 
123 59 1019 207 
4 58 511 9 
10 14 384 14 
0 98 445 123 
17 38 266 40 
11 0 13 10 
4 22 1 2 
3 4 26 8 
5 30 7 16 
7 18 24 7 
3 10 7 3 
18 0 1 0 
17 0 22 5 
14 8 0 13 
13 8 16 5 
9 4 4 3 
3 1 7 6 
7 4 4 7 
5 4 3 9 
9 5 21 8 
5 3 1 3 
6 0 13 6 
3043 15427 131329 1533 
63 295 181256 279 
145 464 174795 4090 
7 97 183199 2231 
84 2869 179842 1259 
1580 6864 171575 3087 
847 6466 176610 4544 
3529 4918 183760 1762 
2776 10259 38 4001 
717 9630 741 2229 
442 8586 557 624 
784 4790 432 545 
36 932 739 287 
258 824 686 373 
239 784 528 198 
341 169 626 278 
204 24 849 245 
67 19 896 171 
4 52 126 16 
25 19 218 76 
42 25 197 104 
23 0 136 24 
15 0 4 0 
4 0 3 13 
4 6 9 5 
3 12 20 2 
0 18 14 5 
0 1 0 2 
1 2 24 2 
2 5 1 6 
2 9 14 10 
6 6 5 6 
4 1 14 4 
8 2 8 7 
7 2 20 8 
5 4 0 4 
5 5 23 7 
7 6 1 5 
41 46 93 67 
770 462 184430 421 
113 259 180551 347 
25 201 175722 3887 
122 151 177716 3010 
854 7253 180041 1274 
1281 6257 178023 2020 
1793 4062 178787 4058 
1268 14263 108968 603 
1383 9345 236 2613 
1502 8297 2156 1119 
582 7635 211 757 
584 2176 238 799 
30 644 1141 482 
412 691 405 448 
347 349 598 232 
478 33 513 109 
495 42 1172 131 
144 104 668 106 
100 12 117 3 
28 0 149 26 
0 6 146 70 
21 10 65 36 
11 54 2 14 
0 26 10 6 
7 10 43 4 
1 0 1 5 
0 7 5 8 
1 8 15 13 
1 14 1 11 
10 7 0 7 
3 6 16 6 
3 4 0 3 
7 0 20 4 
7 1 0 6 
6 2 21 7 
5 3 0 4 
6 5 0 5 
6 2 23 3 
3954 11409 13923 6444 
17 164 184737 220 
165 67 191445 242 
80 356 181549 1593 
368 2096 190021 3840 
1278 5662 180749 2897 
928 3896 190487 1762 
1944 5383 183586 1907 
645 37573 32818 15156 
572 10133 376 3280 
1332 10376 31 671 
1705 8225 347 355 
1847 683 482 338 
58 383 1373 655 
81 503 900 248 
182 187 1061 85 
84 11 542 36 
34 171 1499 74 
111 89 404 1 
94 5 197 22 
27 50 149 13 
47 25 114 30 
35 0 0 13 
17 42 3 6 
14 25 2 8 
22 13 24 7 
24 3 9 2 
19 6 6 3 
6 3 8 13 
7 8 8 5 
7 0 9 3 
6 3 3 11 
8 6 12 9 
8 9 9 6 
6 7 11 3 
7 4 12 6 
5 3 9 7 
6 2 19 8 
5 3 7 4 
119 32657 75327 6009 
93 291 186035 114 
7 102 175910 2394 
43 141 190620 2217 
45 6289 190505 1343 
2047 4421 187787 2657 
597 4208 193179 4580 
1656 10129 183314 2494 
1771 17294 5654 3893 
1773 7688 585 2769 
812 8406 239 490 
822 8270 339 222 
1056 1954 274 252 
275 708 647 327 
75 746 431 29 
48 310 780 9 
15 289 560 98 
7 538 841 11 
8 256 302 5 
95 92 304 1 
9 12 132 18 
30 15 237 39 
15 11 11 3 
1 32 34 1 
15 12 37 11 
10 10 0 6 
11 11 6 6 
5 1 2 1 
2 1 8 8 
5 4 1 10 
6 9 10 4 
6 1 4 14 
5 3 15 2 
6 5 7 4 
8 6 16 7 
10 5 12 8 
8 3 9 8 
3 2 11 3 
5 2 9 5 
3283 9311 182350 1228 
41 221 202982 289 
121 154 200787 2749 
219 626 196351 3730 
54 7526 205255 2014 
1601 2508 212785 1040 
1388 6777 199454 3092 
3507 10214 179400 2163 
1201 8987 523 1488 
1158 6721 634 1747 
2252 11101 177 318 
2945 6543 1362 340 
316 2905 352 235 
152 2833 626 271 
72 1280 432 33 
51 187 247 38 
42 322 659 108 
32 423 434 20 
158 76 323 22 
100 17 249 5 
39 10 174 2 
37 108 179 2 
0 37 39 5 
0 6 77 2 
0 1 26 10 
6 3 48 10 
8 8 3 14 
1 2 42 7 
4 11 2 1 
4 10 33 12 
4 1 0 8 
3 1 9 6 
4 1 6 4 
4 4 11 1 
2 6 2 8 
4 5 12 5 
4 3 4 3 
5 2 14 5 
446 556 650 431 
321 156 214698 432 
143 501 191523 5 
28 129 208187 1848 
80 988 189737 3418 
1218 4241 201619 2577 
1481 7390 201459 1110 
735 4748 208012 1234 
3671 5347 95057 10998 
897 7526 236 1588 
405 10579 981 295 
692 9104 60 35 
907 3615 977 224 
393 2162 228 59 
73 2013 418 117 
96 1219 413 88 
23 131 304 183 
45 6 447 109 
70 34 348 55 
249 7 454 41 
192 1 157 54 
55 9 120 40 
82 149 39 4 
17 58 11 7 
6 19 49 13 
11 2 29 14 
29 7 15 10 
21 1 28 8 
14 6 17 4 
4 10 35 1 
5 10 10 5 
8 0 22 5 
8 1 8 5 
5 4 10 7 
4 7 7 5 
3 1 12 4 
5 1 6 5 
8 4 17 7 
6 6 7 6 
3776 19854 26850 8362 
34 245 175071 257 
71 610 195071 774 
99 438 177167 1170 
451 2501 183509 3328 
1676 6717 177812 4072 
780 4525 172939 1557 
1255 2825 180352 1074 
796 8458 20000 11449 
605 5850 98 2343 
1274 4190 289 40 
1323 5648 164 2 
652 1343 421 63 
171 1256 500 15 
122 1123 272 87 
32 534 338 133 
11 276 250 83 
1 1 135 131 
34 94 105 142 
95 87 330 34 
12 32 113 34 
63 18 114 23 
10 99 73 12 
0 18 35 1 
0 5 22 11 
4 0 32 18 
24 4 14 8 
13 4 36 4 
11 3 21 4 
2 7 42 3 
4 0 3 5 
4 2 20 9 
6 2 0 3 
5 4 18 6 
5 7 1 4 
4 5 19 5 
6 2 0 4 
6 2 22 5 
7 7 0 5 
1137 29403 101181 3548 
95 312 180100 149 
9 265 176602 1704 
20 111 190287 859 
287 2540 184511 1767 
1087 7420 171096 3465 
1093 4594 178762 2260 
945 4413 182927 613 
4612 4957 1833 5398 
807 7811 95 1960 
936 8677 9 36 
526 6501 589 2 
711 2739 653 35 
108 2497 662 44 
82 1337 219 6 
12 306 422 142 
23 103 288 118 
0 12 354 92 
26 79 245 93 
42 163 340 34 
62 24 246 16 
40 116 92 28 
7 67 39 6 
1 33 33 2 
1 8 34 27 
0 0 6 12 
2 11 22 2 
15 8 33 10 
5 6 2 1 
8 13 33 7 
9 7 0 7 
8 1 17 8 
4 4 1 6 
4 3 12 3 
4 5 16 7 
7 2 1 3 
8 4 17 5 
5 3 0 5 
5 2 15 4 
2189 4386 156904 565 
19 145 157491 252 
24 149 154004 3778 
25 54 156298 3864 
671 5816 161967 1487 
932 7003 149954 2071 
1584 4154 149688 3292 
276 3707 120769 451 
456 8120 404 2296 
1442 9884 167 1044 
1236 9784 217 1 
1580 4749 1436 38 
57 1334 936 3 
45 2817 525 63 
65 1043 623 32 
60 160 204 110 
28 105 217 67 
29 26 537 151 
80 63 259 62 
101 54 253 53 
38 41 125 13 
63 150 129 1 
26 67 15 4 
5 13 30 4 
8 26 53 0 
19 5 26 25 
18 0 33 19 
14 3 18 6 
7 12 12 1 
3 7 26 10 
4 5 25 4 
6 6 0 7 
6 5 24 4 
5 6 0 7 
6 3 18 4 
5 2 1 5 
5 3 16 5 
5 4 0 7 
1679 2701 3198 2023 
76 50 169067 178 
160 754 150922 481 
30 112 162093 3662 
71 1220 151086 3005 
867 3667 162929 1373 
992 6335 161442 2360 
578 4843 163894 3110 
1632 4964 56785 1301 
937 9917 293 2047 
234 15764 1521 124 
597 11734 147 28 
673 2686 701 326 
204 2262 90 44 
27 2516 252 38 
50 1549 116 16 
24 487 158 46 
39 75 133 11 
15 40 380 135 
10 32 135 53 
0 59 265 49 
5 34 87 4 
0 90 118 2 
0 56 10 2 
0 16 55 14 
1 0 15 18 
7 9 33 10 
9 11 4 0 
15 0 17 5 
5 10 22 4 
7 5 24 13 
3 2 5 6 
6 2 27 4 
4 2 2 4 
7 0 14 6 
4 7 4 5 
6 3 3 5 
5 2 13 4 
5 3 0 5 
2141 24972 38287 8206 
96 263 159707 100 
6 631 173896 208 
26 170 162875 1765 
171 2023 166047 3581 
2256 5009 166693 2654 
885 5729 164024 1383 
834 5025 172536 2072 
1362 5179 14282 6973 
691 11720 146 2273 
1354 10942 53 41 
971 12282 322 64 
462 1282 341 75 
94 1839 322 67 
12 2141 217 7 
20 865 146 183 
8 194 22 125 
23 3 145 30 
15 144 203 166 
51 232 172 69 
4 50 257 20 
45 34 101 3 
24 62 75 7 
9 46 6 3 
12 19 47 25 
29 0 48 21 
34 2 5 7 
23 1 33 2 
7 7 3 1 
8 8 26 12 
8 11 6 4 
6 2 10 3 
7 4 5 3 
7 6 11 5 
5 6 5 5 
7 4 10 6 
8 3 3 6 
6 4 14 8 
5 7 4 6 
2163 20747 118434 2244 
61 221 174947 160 
2 221 177605 1472 
46 159 184448 948 
1 5757 186484 2804 
1772 4770 183633 4124 
828 2684 189477 1593 
1101 6553 182505 1983 
1612 2759 313 3249 
262 4794 125 2400 
483 4861 125 245 
519 3098 3 139 
183 2807 907 87 
331 1722 275 35 
146 773 180 53 
8 306 74 119 
15 83 3 26 
16 77 50 56 
22 208 146 136 
63 250 114 49 
0 57 207 15 
1 82 43 15 
14 56 45 0 
10 37 15 12 
4 14 16 31 
19 4 10 10 
25 8 10 0 
17 3 31 5 
10 1 18 7 
5 1 23 7 
11 13 19 5 
8 7 12 5 
5 2 13 6 
5 2 7 4 
5 2 7 4 
3 1 4 5 
4 4 12 7 
5 2 16 4 
3 2 5 3 
1293 1865 191691 714 
60 233 177703 170 
61 124 176780 3416 
190 199 195914 2282 
724 9397 182977 1762 
1534 4799 182199 3438 
867 3225 177480 3104 
2801 24102 133772 2353 
404 8357 38 1761 
806 6979 13 972 
694 5739 218 62 
999 2897 139 30 
285 1029 624 46 
122 1583 278 43 
84 666 158 84 
36 221 210 76 
33 48 19 13 
1 39 184 72 
6 163 96 78 
35 280 172 107 
0 70 103 95 
0 140 152 17 
4 3 11 4 
9 3 13 2 
18 8 37 1 
29 2 9 22 
1 15 12 3 
9 7 18 11 
5 0 20 8 
5 0 28 1 
8 8 13 7 
3 5 7 7 
8 3 18 4 
5 2 13 5 
3 1 0 4 
5 4 14 4 
6 7 0 5 
6 3 17 7 
3025 6661 7965 4769 
2 124 197213 269 
16 461 175004 545 
39 199 186766 3577 
696 1358 192652 3666 
1314 5472 202926 1090 
576 4541 201069 1774 
1792 3103 191007 3994 
1844 26223 48396 1904 
503 8585 244 2433 
509 11841 2094 379 
1319 7989 161 96 
827 1345 293 251 
308 1374 117 40 
10 1588 443 43 
74 751 74 50 
51 320 263 52 
57 37 203 28 
37 94 232 216 
64 191 85 112 
10 157 257 74 
18 53 136 16 
10 108 71 3 
6 37 4 9 
11 26 25 16 
32 9 5 19 
44 7 27 5 
32 11 18 0 
9 2 26 5 
5 1 4 7 
5 4 37 4 
7 9 0 1 
5 4 16 7 
5 3 5 5 
3 4 15 3 
3 4 4 6 
6 4 13 4 
5 3 7 4 
7 4 11 5 
1249 39642 63632 7851 
59 251 205621 299 
42 1162 216796 334 
77 319 197789 2367 
224 2447 205986 4428 
1324 6324 200836 2833 
1542 4331 203777 1270 
175 4475 206798 2714 
6299 206 11389 5533 
1038 10049 557 2521 
710 10002 225 131 
448 10306 331 234 
745 1500 292 147 
75 1169 259 184 
3 1285 382 2 
67 340 47 85 
183 57 39 76 
155 6 74 67 
100 49 77 152 
43 144 70 48 
2 84 83 32 
13 62 131 6 
13 90 23 3 
0 19 8 2 
2 9 2 17 
2 1 32 18 
5 9 4 8 
12 10 18 1 
3 6 5 4 
5 5 32 6 
7 4 4 7 
7 1 29 6 
7 4 0 4 
7 1 23 7 
4 1 0 6 
9 7 2 8 
6 5 20 5 
9 3 2 5 
6 2 18 5 
3735 17919 148925 1352 
29 204 193384 302 
120 782 184831 3159 
10 101 197111 1514 
142 3465 207654 1494 
1390 6666 191720 4087 
1124 4809 197798 2691 
1266 4676 201016 713 
963 10408 588 3140 
540 10690 330 1457 
1201 11158 586 257 
1729 6669 23 110 
251 1769 387 289 
24 2940 291 142 
155 842 140 12 
140 171 90 35 
115 1 43 22 
89 0 400 32 
93 42 35 70 
31 95 91 33 
19 2 85 4 
47 42 63 0 
26 44 18 3 
10 23 35 3 
13 21 1 33 
17 2 38 15 
10 4 1 0 
1 2 21 0 
1 2 18 9 
4 1 21 8 
5 6 10 5 
6 3 5 6 
7 3 18 4 
5 5 2 6 
7 2 15 6 
5 3 4 4 
3 2 16 4 
9 3 2 6 
86 84 132 79 
843 708 192796 372 
144 315 177804 215 
21 109 180108 3034 
164 64 181518 3847 
301 3553 183970 1777 
1310 5349 186874 1232 
576 3652 188180 2300 
9466 18816 108294 2656 
625 8674 93 2116 
761 8894 2498 290 
1033 9467 454 66 
906 3781 313 74 
591 1022 344 187 
69 1330 716 117 
3 800 593 81 
153 102 402 77 
235 4 257 102 
106 32 373 175 
116 41 245 28 
42 162 208 28 
14 9 281 54 
31 66 47 5 
10 30 29 5 
1 21 36 0 
3 4 32 10 
3 2 22 19 
1 7 33 14 
4 0 9 4 
3 1 35 1 
11 12 20 2 
8 1 16 5 
6 2 2 6 
6 1 18 5 
6 3 1 4 
4 8 13 5 
5 4 1 3 
6 2 0 4 
5 3 15 6 
4668 13840 16697 7491 
24 197 201519 215 
113 304 218688 690 
85 303 198502 1231 
259 2965 212139 3098 
1081 5356 186542 3527 
2028 2702 198965 2320 
634 5819 192046 614 
1843 47880 32433 12689 
1298 7093 142 2102 
1485 7558 583 12 
1546 7995 882 18 
1401 2544 720 100 
137 2679 158 86 
92 1289 900 15 
111 285 126 39 
15 142 297 85 
12 46 336 117 
41 0 421 259 
208 3 508 48 
29 36 222 87 
38 35 245 30 
16 82 19 0 
21 14 49 10 
15 0 8 3 
38 0 64 2 
42 10 8 2 
25 2 25 7 
10 3 21 12 
6 11 33 5 
11 18 8 2 
5 2 16 5 
6 1 2 7 
6 1 10 5 
7 2 4 2 
10 3 19 6 
6 3 2 5 
5 4 16 5 
5 4 0 5 
133 37973 85879 6173 
103 376 207707 170 
47 859 191317 2673 
41 212 212195 2961 
53 6201 213970 1161 
961 4293 207971 1938 
1957 3743 210221 3791 
911 7225 209709 1823 
2536 11932 4091 2504 
705 6749 139 1755 
1766 7322 258 269 
2421 6810 940 212 
487 1913 63 229 
103 1607 291 87 
15 695 405 24 
10 176 191 197 
37 126 110 166 
20 41 221 103 
107 2 389 104 
118 69 334 13 
40 12 298 45 
77 102 238 38 
23 26 85 8 
17 30 7 2 
6 8 6 5 
27 12 49 11 
26 7 1 12 
17 11 52 8 
10 4 5 0 
7 0 39 10 
9 13 6 8 
6 2 7 7 
6 1 14 10 
6 1 6 7 
6 3 16 4 
4 7 2 4 
4 3 16 6 
8 6 4 7 
5 3 5 5 
3676 10255 188610 1448 
119 397 211577 181 
31 104 219834 2859 
186 401 220344 5425 
75 7561 211204 2340 
2536 3363 227524 609 
536 3993 221541 2326 
3257 14532 205746 2388 
1951 6549 11 1554 
1350 9281 326 1030 
1450 9012 660 138 
1877 6285 38 52 
1018 1067 251 57 
196 1448 688 155 
22 688 568 14 
83 109 452 67 
95 106 301 20 
81 54 622 132 
67 72 191 55 
35 87 360 42 
1 19 199 5 
7 99 161 0 
2 42 44 8 
19 38 44 4 
18 9 16 16 
25 12 25 4 
1 5 3 13 
8 9 0 11 
4 6 17 9 
6 16 4 2 
3 11 19 4 
5 2 18 5 
8 4 17 7 
7 4 7 6 
9 3 13 4 
5 2 2 5 
8 3 14 8 
4 7 4 4 
561 835 1127 898 
115 17 232584 386 
14 171 226293 143 
61 218 229628 1044 
564 335 235874 2997 
772 5427 223224 3376 
960 4851 233840 1925 
2385 3474 237397 851 
1918 29296 103255 16974 
1204 7914 109 1998 
3015 6642 411 380 
2668 7886 565 50 
2960 2543 301 16 
138 825 852 315 
317 486 1198 26 
237 356 699 12 
209 110 829 58 
185 134 798 57 
34 78 812 57 
124 68 150 11 
13 49 209 15 
35 30 206 25 
27 33 40 11 
9 53 21 13 
10 29 18 1 
9 17 24 6 
8 2 8 0 
10 0 3 5 
14 2 10 13 
11 4 10 6 
11 16 6 2 
10 9 10 7 
8 3 8 8 
7 5 15 4 
7 7 10 7 
5 3 8 8 
3 4 14 6 
8 5 6 6 
6 1 23 5 
5794 28891 36047 9844 
201 504 229386 221 
10 731 253865 1668 
86 361 237841 1375 
306 1050 232837 1291 
940 6344 228163 3186 
1629 7521 229592 3237 
1182 4006 237501 1463 
9423 11671 25508 9514 
2050 8537 575 1526 
682 7878 1141 743 
1912 8009 98 118 
1750 1109 75 188 
165 1120 331 272 
391 141 716 76 
171 256 647 35 
182 179 1210 26 
6 52 1156 80 
71 61 1031 64 
21 94 394 51 
11 55 586 80 
19 14 428 22 
9 1 28 11 
36 39 31 9 
11 2 26 5 
8 18 64 1 
1 12 16 10 
5 10 3 14 
16 2 23 4 
1 3 19 10 
2 5 4 4 
5 4 10 6 
6 3 0 7 
5 3 19 6 
7 9 0 6 
9 5 23 5 
7 3 3 7 
7 4 14 4 
7 5 4 7 
2280 34476 121995 3429 
44 298 221795 257 
312 971 220302 1973 
75 307 215882 3933 
129 3095 221322 2697 
1791 3944 216715 883 
1418 9459 215242 2973 
689 6126 217983 4987 
71 15326 565 596 
2345 11033 505 2913 
1410 10904 347 19 
615 8406 37 5 
300 1229 349 92 
7 1876 809 21 
30 911 903 30 
142 671 882 76 
279 572 1545 69 
122 45 1680 76 
37 68 636 45 
14 281 568 42 
16 76 731 26 
30 7 386 65 
7 12 147 19 
0 20 14 6 
6 2 61 14 
20 41 10 1 
14 22 25 2 
2 3 24 1 
11 0 3 3 
14 6 31 14 
16 12 0 5 
10 4 12 2 
9 2 4 7 
4 6 12 5 
8 2 18 5 
7 3 1 3 
7 3 15 6 
7 4 1 5 
7 3 18 5 
2978 4991 239917 1108 
95 324 240403 255 
127 326 234911 1257 
222 1110 228732 3731 
202 4705 225049 3685 
2078 3918 230815 1973 
1284 9698 233949 1384 
9102 6879 186154 8853 
714 8415 335 2538 
1679 13975 41 1828 
2126 11215 612 15 
1891 5221 186 20 
69 3870 902 74 
313 2996 820 15 
63 1602 1060 15 
163 854 663 0 
44 285 1146 41 
92 239 1315 6 
20 236 476 23 
18 196 664 103 
0 42 570 95 
27 6 506 57 
10 7 65 0 
34 8 64 9 
13 10 66 8 
6 42 15 0 
0 21 4 4 
6 14 31 18 
9 10 10 11 
13 6 24 1 
6 10 10 5 
5 4 4 2 
6 3 11 7 
5 7 0 5 
6 6 18 5 
8 4 1 7 
7 4 17 5 
8 3 0 6 
3465 5926 7012 4433 
29 179 251632 205 
271 363 271457 779 
19 305 252855 1502 
95 2847 241852 1501 
1948 3302 235984 2754 
1002 6899 243567 3946 
1543 9528 244223 2192 
183 44370 76991 14500 
2516 11410 85 3101 
1376 10564 1656 680 
854 11314 765 44 
888 3216 425 64 
39 3797 806 60 
45 2377 994 22 
175 1693 1042 13 
170 1194 833 9 
71 434 1070 56 
102 101 490 34 
51 427 384 48 
20 266 392 17 
33 1 480 56 
44 13 202 22 
43 7 43 21 
45 5 68 7 
50 17 36 9 
40 44 24 3 
7 22 1 4 
5 17 29 12 
5 1 18 11 
4 3 18 5 
4 5 5 3 
4 5 11 7 
4 2 10 8 
6 5 7 4 
7 8 20 7 
6 3 17 6 
9 4 4 7 
5 3 19 6 
2650 43454 62018 9554 
58 288 233774 315 
272 206 205489 1490 
125 329 229356 3819 
19 6474 228223 1451 
1513 2970 226429 907 
2262 4127 230035 3806 
1655 11740 217342 3834 
6980 58197 16082 47 
1054 10200 146 2722 
2275 8294 85 316 
1883 8457 453 128 
831 1516 276 99 
12 1743 788 130 
20 1373 945 41 
8 724 457 21 
36 803 799 1 
48 629 317 31 
13 598 199 24 
50 549 138 25 
59 146 291 39 
127 20 395 38 
75 36 165 8 
60 66 137 14 
28 87 80 1 
24 60 65 8 
35 10 2 3 
19 3 20 7 
13 13 1 5 
9 15 16 4 
4 8 4 10 
2 4 4 6 
4 6 10 4 
4 2 10 6 
5 1 11 4 
5 8 9 4 
4 3 16 5 
5 3 7 8 
