14 14 41 16 
10 3 0 7 
28 4 12 6 
13 10 3 2 
4 9 5 3 
8 1 7 2 
12 2 6 8 
7 4 2 9 
3 4 12 3 
4 3 0 3 
2 3 12 9 
4 7 1 7 
6 2 2 9 
312 5162 18407 16559 
553 2730 1269 82041 
51 108 15600 69220 
51 101 13380 68044 
935 596 7101 73498 
3025 239 11587 73383 
4951 871 16154 71362 
6337 620 14240 73266 
10615 4690 44237 5464 
2879 1469 1356 176 
5864 872 17 5 
4837 432 68 73 
286 978 438 265 
37 1227 50 5 
27 1150 354 65 
150 195 348 35 
323 1424 1017 4 
303 253 125 34 
200 142 184 83 
69 51 233 98 
76 45 309 114 
100 73 287 78 
49 69 110 24 
43 16 10 15 
29 8 19 33 
6 2 10 22 
9 2 27 1 
0 0 4 13 
0 7 3 7 
6 12 14 2 
9 7 3 2 
10 3 4 9 
11 2 15 11 
8 3 0 0 
2 4 3 6 
2 4 8 1 
3 3 8 9 
5 5 7 7 
6 4 6 1 
208 8757 14592 47239 
255 2480 3531 71544 
97 169 11621 73577 
24 50 16160 69879 
2954 248 9163 69644 
6054 54 9392 78327 
5408 603 12503 75873 
5192 421 15034 76827 
7142 1439 5611 231 
5663 462 93 26 
5636 713 17 75 
5526 443 61 77 
121 1037 102 57 
15 1086 196 25 
104 731 173 8 
24 371 401 73 
93 876 615 38 
112 136 131 32 
87 33 94 65 
37 33 211 95 
30 34 345 117 
50 109 201 34 
28 37 90 3 
30 8 6 36 
20 18 20 37 
11 10 12 2 
6 6 21 2 
1 9 3 3 
5 2 14 8 
9 3 2 14 
12 2 11 7 
14 9 3 1 
2 3 10 5 
2 2 2 3 
6 1 8 8 
5 2 6 4 
4 3 9 0 
4 2 3 6 
6 4 8 9 
620 874 208 88235 
138 490 11844 79221 
31 90 7184 82337 
27 74 11706 79851 
3195 218 16809 79398 
3524 354 12521 83003 
4536 1208 8117 83312 
14508 2448 23785 59689 
2781 621 6332 189 
5445 357 73 74 
5537 393 20 193 
3435 686 179 74 
70 216 126 37 
14 1041 337 6 
33 1171 612 7 
214 862 183 91 
133 247 392 106 
207 194 117 98 
104 37 259 60 
16 132 212 30 
42 54 254 95 
20 50 202 36 
0 9 18 43 
12 13 4 30 
12 14 29 8 
10 8 0 3 
0 0 21 5 
0 10 5 6 
7 2 2 3 
2 5 7 9 
0 4 6 9 
1 10 1 1 
2 5 7 4 
6 4 9 11 
4 3 5 6 
6 4 4 12 
7 2 9 5 
5 5 6 1 
2824 4658 5453 4281 
452 713 755 83835 
10 20 13749 78560 
29 89 10270 79776 
84 151 7661 76800 
4088 663 17831 75108 
4838 360 15801 77037 
7610 821 8507 83090 
6888 2564 3611 20701 
5424 2691 3569 243 
5846 500 28 58 
5468 146 23 205 
1555 848 69 231 
31 756 20 48 
0 992 282 31 
154 592 308 65 
224 893 766 100 
79 168 291 48 
100 95 201 22 
22 5 369 108 
67 40 255 34 
97 21 284 30 
32 53 113 21 
18 18 38 27 
30 22 2 24 
8 8 33 3 
13 1 4 4 
16 6 36 3 
17 6 6 7 
18 0 12 13 
9 0 8 9 
3 5 5 2 
3 2 3 5 
3 4 3 8 
2 3 10 6 
4 1 1 1 
4 1 9 6 
5 5 0 9 
4 6 10 5 
1110 2775 21494 22028 
118 3253 3371 88232 
41 80 16898 73576 
54 65 11725 72682 
2033 1290 7985 72449 
4553 835 14402 72185 
4836 534 17533 70696 
4891 225 11329 77971 
5618 3433 39438 4047 
6825 2007 553 351 
6961 281 45 99 
6073 275 63 19 
382 506 181 133 
254 616 33 45 
48 899 173 121 
66 545 616 27 
419 568 902 53 
119 6 197 21 
117 1 183 4 
20 17 345 51 
4 26 203 6 
4 13 239 6 
4 21 30 25 
10 3 15 6 
0 4 42 16 
0 1 0 10 
9 17 50 4 
10 15 3 6 
8 3 15 4 
1 2 8 4 
12 1 3 1 
5 1 5 11 
4 1 3 13 
1 2 3 5 
3 4 12 2 
3 6 2 13 
4 3 13 10 
5 6 9 10 
6 3 7 13 
1379 9244 10517 62914 
546 2522 5158 87274 
82 89 15503 80021 
48 107 16414 77354 
2834 387 10907 76150 
3322 864 10330 81726 
5304 224 15712 78799 
6040 205 17146 79034 
4567 1437 9946 120 
6674 233 1 70 
5929 100 83 68 
4931 142 84 16 
180 54 152 81 
47 453 147 3 
112 304 290 48 
282 113 411 26 
66 66 592 9 
175 38 200 7 
42 0 98 37 
78 29 355 19 
50 31 156 4 
29 14 252 40 
26 19 14 21 
3 7 23 11 
0 16 6 0 
3 15 11 2 
2 9 13 5 
8 3 10 6 
1 2 16 13 
1 1 0 9 
3 1 11 2 
5 2 5 6 
5 2 7 9 
7 4 3 3 
7 4 12 1 
4 2 3 9 
5 1 9 11 
4 4 4 2 
3 3 6 4 
183 108 23 78141 
114 231 10534 77805 
31 111 9107 75390 
7 15 14219 72453 
3882 437 17287 69569 
4965 900 10542 73900 
5808 130 11388 75532 
2594 5532 41377 41212 
6001 2899 7773 267 
6394 566 203 78 
6074 288 83 217 
3409 1077 37 161 
302 684 132 114 
43 699 181 17 
51 655 330 78 
29 132 52 88 
129 0 187 32 
222 2 96 64 
112 15 334 0 
54 0 186 29 
24 18 169 30 
29 57 126 7 
11 8 6 1 
0 1 50 3 
19 5 19 0 
9 23 18 7 
15 5 21 5 
14 1 17 9 
12 8 15 5 
4 9 1 0 
1 1 7 8 
11 4 4 0 
7 2 6 14 
9 3 9 10 
6 4 5 2 
5 4 13 3 
4 9 2 13 
3 4 6 8 
2444 7190 10660 8421 
648 1055 1180 85891 
18 74 15584 78634 
69 112 10231 82144 
648 227 10201 81375 
2938 391 17481 75900 
3941 467 17923 76816 
5677 214 10710 87333 
18676 2848 9824 16072 
6409 2364 3595 474 
7133 73 83 126 
5672 140 49 112 
1046 865 145 219 
116 218 7 64 
41 951 143 68 
81 209 333 114 
557 708 275 138 
160 47 181 48 
236 17 53 9 
41 5 355 48 
74 20 331 20 
6 1 179 0 
3 20 107 31 
2 4 38 9 
2 12 5 3 
9 4 24 2 
3 11 1 1 
0 0 32 8 
1 4 0 11 
6 11 28 11 
12 10 1 0 
13 0 8 3 
11 1 8 18 
7 4 2 7 
7 2 12 1 
5 2 0 6 
5 1 12 15 
4 1 3 3 
6 5 8 5 
2051 2605 22888 33735 
17 3204 2657 94650 
17 25 15943 84718 
12 14 14919 84352 
1893 1470 10441 81490 
5784 1347 10082 86226 
6108 130 18301 81702 
6626 323 16038 87152 
1541 1795 29603 3029 
9150 1419 430 70 
6777 106 28 55 
6545 235 111 99 
354 66 165 163 
126 871 97 41 
44 1000 209 118 
94 877 451 40 
73 534 737 8 
245 2 233 45 
150 63 99 51 
62 0 247 36 
11 32 291 46 
17 28 162 22 
16 21 69 1 
12 8 0 11 
15 7 36 22 
8 7 0 10 
2 26 4 9 
3 9 16 10 
2 2 0 5 
2 6 28 2 
3 6 0 3 
3 4 4 10 
8 4 10 3 
1 2 5 7 
5 4 8 1 
7 2 6 6 
5 5 3 11 
6 8 6 7 
7 6 7 3 
2311 7172 6667 69126 
352 1587 6577 80791 
98 207 10219 81105 
52 65 16809 77969 
3985 442 14434 79172 
3765 1267 7940 82642 
4221 261 12688 83033 
4257 762 17439 82890 
6225 263 10489 56 
7042 98 70 53 
7495 149 38 148 
5300 136 176 180 
555 102 28 119 
163 994 97 101 
29 789 647 93 
279 120 411 22 
407 144 250 58 
441 70 77 29 
170 10 234 22 
93 9 160 73 
36 11 278 57 
8 14 114 4 
14 1 17 13 
32 0 50 0 
22 2 3 4 
4 10 33 14 
8 22 2 8 
14 9 22 7 
11 1 0 3 
14 10 0 9 
12 2 12 1 
9 2 7 7 
7 3 2 10 
2 2 6 1 
3 2 4 3 
5 2 7 11 
5 1 7 5 
5 4 4 2 
36 34 35 32 
6 96 288 74247 
32 86 13718 74205 
17 158 8459 77583 
3 16 10372 77470 
4302 492 17963 73833 
5499 544 15393 76084 
8491 233 8274 80255 
2069 7083 11731 35316 
8536 787 7497 245 
5772 159 6 92 
5619 161 9 189 
2616 1023 207 200 
106 722 17 159 
0 1129 83 124 
317 814 459 39 
245 810 342 6 
230 157 75 46 
303 33 155 77 
129 4 162 71 
133 21 311 3 
46 3 257 19 
33 32 68 7 
15 6 45 9 
13 11 30 13 
10 9 20 12 
8 9 11 4 
9 1 32 3 
1 5 17 7 
8 0 2 1 
15 6 7 7 
12 5 1 10 
11 1 6 9 
5 5 8 2 
6 4 2 8 
5 3 0 4 
7 3 12 16 
5 3 2 10 
4 4 9 2 
1551 8928 14996 10968 
733 1459 1020 85717 
11 70 15349 73662 
75 78 13053 72714 
1098 1494 6360 74662 
4709 709 13358 74286 
5161 533 18405 74103 
5182 227 11905 81459 
11208 6259 44163 12122 
8040 1187 2435 137 
7969 165 14 40 
6794 245 16 113 
969 2090 102 262 
241 583 30 81 
30 1346 67 131 
67 212 453 42 
351 1094 107 24 
166 3 216 30 
191 98 108 10 
57 6 325 60 
17 34 360 31 
20 0 313 13 
7 51 97 5 
17 11 14 19 
8 0 23 3 
0 7 3 9 
0 22 25 11 
9 17 4 7 
4 5 12 3 
2 1 11 1 
2 4 4 12 
9 2 10 7 
13 5 1 14 
6 4 10 9 
6 3 4 5 
6 5 10 3 
5 3 1 9 
4 5 8 6 
3 5 5 2 
1113 5618 19793 38521 
6 2118 3152 71395 
70 109 9553 81299 
8 39 14945 79357 
2379 828 12247 77351 
3810 1039 9588 85911 
5526 309 10260 85492 
6442 331 14791 85260 
861 3638 4147 946 
4067 367 545 265 
5660 1254 117 126 
5615 1023 265 143 
78 2225 137 173 
28 1217 131 54 
138 1098 296 19 
71 300 680 32 
17 703 100 2 
271 36 206 28 
135 267 80 71 
113 70 359 71 
25 101 198 14 
39 34 293 26 
9 18 30 21 
19 3 18 19 
14 7 25 11 
8 14 19 2 
6 34 4 6 
2 4 18 9 
2 1 1 6 
8 8 3 9 
1 1 11 3 
3 2 3 1 
2 3 5 9 
2 1 11 8 
4 2 1 2 
4 3 9 5 
6 4 12 1 
4 2 2 9 
3 0 7 11 
1758 4131 2886 82083 
96 97 15398 77531 
77 160 12927 79438 
148 308 6519 82885 
4697 626 10795 82419 
4946 286 13319 81264 
5306 554 8733 83991 
1745 463 2717 78341 
7568 1051 8449 122 
6713 1938 321 92 
7704 1937 1080 86 
4235 1323 369 266 
78 1029 191 56 
40 1214 37 65 
261 400 501 64 
9 874 432 50 
271 315 58 46 
212 91 36 27 
180 58 87 82 
86 42 275 7 
91 99 106 28 
98 22 161 56 
43 6 0 15 
43 9 10 7 
5 1 12 2 
23 5 2 4 
12 2 20 2 
10 4 1 9 
11 8 8 8 
11 14 2 5 
9 7 13 3 
10 6 6 9 
6 4 8 5 
6 6 7 9 
6 7 8 10 
4 4 7 2 
5 3 7 3 
4 2 6 8 
596 777 926 906 
45 18 348 71302 
24 116 8612 75201 
14 30 13569 73030 
173 275 12265 76261 
2889 184 5515 73949 
4359 442 3723 73324 
6009 1162 8015 70715 
7070 7785 43915 24555 
4646 4306 1510 67 
4545 2762 838 65 
4808 2309 1299 98 
1428 3542 1467 20 
19 1655 100 7 
110 237 11 1 
225 586 471 128 
321 1089 227 41 
105 30 122 19 
143 152 56 53 
25 87 192 77 
24 46 112 36 
44 19 307 17 
30 23 139 20 
21 19 36 8 
19 9 9 20 
11 3 34 6 
5 8 2 4 
6 6 26 5 
4 2 1 7 
3 4 15 9 
4 8 7 2 
10 3 18 7 
9 2 0 7 
6 3 17 8 
7 5 0 2 
3 1 10 2 
5 2 1 7 
5 2 10 7 
6 4 7 8 
327 5721 16258 13752 
96 1805 3819 55986 
73 232 8178 64746 
78 184 9473 65039 
898 1066 14736 59553 
5409 1108 8222 61355 
6513 206 3690 64717 
6614 1058 3739 64587 
5433 4398 2782 5462 
5466 5483 441 91 
6240 2859 529 94 
5049 2881 1069 65 
209 5183 654 52 
310 1052 9 20 
12 519 58 11 
112 846 622 116 
186 357 256 69 
78 247 216 19 
85 517 254 14 
5 85 226 59 
23 123 201 5 
46 59 189 49 
46 35 116 39 
21 11 43 6 
0 2 19 0 
1 10 44 2 
1 30 2 4 
9 0 2 1 
14 3 23 6 
10 7 0 9 
11 2 20 5 
7 3 9 4 
7 3 11 8 
6 2 8 10 
6 3 11 11 
6 5 3 5 
4 4 11 3 
5 4 6 3 
9 1 8 12 
339 8304 14389 46764 
441 1557 9170 78658 
53 113 10935 74557 
76 245 7501 77394 
2943 240 10825 69132 
4942 1022 8731 71030 
5591 373 4829 74460 
5354 1779 2433 76387 
7587 3469 7313 786 
5296 4155 813 39 
5332 3625 1528 102 
5049 3113 661 43 
322 1854 1091 52 
109 513 23 10 
37 194 169 33 
41 1885 447 48 
67 223 102 38 
148 356 120 12 
136 419 235 19 
48 147 185 32 
78 118 249 49 
70 46 109 43 
33 46 76 22 
27 61 44 0 
16 25 16 8 
0 6 16 18 
2 2 14 13 
0 12 36 3 
1 8 3 3 
1 4 19 9 
2 3 13 7 
6 6 11 4 
2 10 8 3 
7 5 4 10 
8 5 3 11 
7 5 5 5 
6 5 4 1 
4 4 5 7 
5 4 4 12 
915 1179 557 80900 
208 326 9047 76331 
57 75 15387 70576 
88 99 13126 71115 
3723 192 3217 67943 
4027 567 5790 68810 
5921 422 7794 66381 
15530 4536 13451 50972 
9272 2244 3903 326 
5886 3053 786 199 
5037 3505 574 108 
2981 1786 2097 264 
792 835 315 53 
6 3 6 5 
17 0 5 4 
24 5 1 8 
13 6 17 12 
7 5 2 4 
10 4 3 4 
7 6 4 15 
5 5 7 8 
4 3 1 1 
5 4 5 7 
4 4 5 9 
5 2 4 5 
7 4 8 2 
2004 7566 11487 8526 
299 505 493 62969 
11 71 8821 63895 
19 48 13905 62562 
987 875 8401 67103 
3630 566 7162 68467 
2569 186 6752 65792 
3549 742 12391 62197 
5171 3025 46658 9030 
4100 4058 1168 284 
3725 2921 461 71 
4401 2731 236 3 
433 7076 1383 24 
47 3427 382 82 
217 4370 224 2 
390 6868 476 28 
376 2536 663 81 
120 678 102 22 
99 249 368 78 
69 413 286 81 
20 277 603 124 
60 140 276 21 
50 71 283 1 
11 6 39 15 
11 7 14 3 
16 1 20 18 
20 6 2 3 
12 10 9 0 
7 6 10 4 
8 1 0 11 
3 4 8 7 
10 4 7 15 
8 6 6 4 
13 4 8 1 
9 2 6 4 
6 2 6 11 
7 3 5 6 
4 4 7 2 
6 4 4 3 
1730 4000 22337 33507 
147 1337 7203 69812 
88 225 7914 72264 
48 122 7628 75029 
2933 1850 12887 73822 
4494 394 14788 71137 
4966 750 8982 70589 
3946 1061 7628 73605 
8313 5903 18329 4084 
3284 2776 318 87 
3258 5448 520 21 
3236 4132 340 6 
315 5835 971 179 
82 3266 304 8 
140 6151 186 3 
472 8111 497 41 
760 1084 441 8 
252 757 26 44 
184 359 154 36 
138 476 269 6 
64 156 236 3 
29 157 184 4 
3 124 204 15 
3 26 11 3 
17 2 53 8 
10 5 0 9 
5 6 20 7 
5 6 4 11 
3 2 6 2 
5 8 7 8 
4 4 7 10 
7 3 4 4 
8 1 4 3 
6 5 6 10 
7 4 4 12 
8 3 8 3 
5 2 5 3 
7 4 8 6 
3 2 2 12 
1838 4679 3919 77155 
413 801 6634 78506 
79 110 15107 73927 
51 126 15972 75532 
6290 880 9673 80826 
3030 452 9250 82322 
3972 342 14045 77859 
5003 1456 14403 76842 
4356 3007 7333 477 
5512 6434 497 536 
6276 5089 292 102 
5325 4790 227 70 
76 4253 282 23 
318 4715 81 0 
236 6621 198 12 
292 5991 381 123 
50 286 44 0 
54 189 50 2 
51 124 40 16 
4 221 51 0 
4 44 67 0 
17 24 18 4 
10 107 11 7 
1 42 17 25 
15 19 37 11 
1 5 14 23 
12 15 2 1 
10 0 17 5 
4 2 5 6 
3 9 3 7 
4 3 13 9 
3 0 1 1 
8 4 1 6 
9 3 10 2 
10 1 4 5 
7 2 7 8 
5 4 2 3 
5 4 6 2 
336 372 352 319 
122 187 445 72022 
35 51 17096 66840 
65 134 13571 71632 
4 41 9809 77263 
5677 318 9093 77142 
5373 323 16957 72218 
6336 33 16801 71937 
8206 4996 25675 26278 
9210 479 8031 653 
6363 4272 395 152 
5693 3370 249 30 
2515 2369 239 3 
455 5066 112 29 
432 3866 18 54 
190 4771 397 10 
371 2225 60 64 
94 361 15 28 
72 259 109 34 
84 258 12 5 
55 178 59 5 
49 47 42 0 
2 78 25 20 
0 54 135 1 
10 12 26 6 
13 9 51 17 
3 10 2 15 
0 32 25 3 
6 2 0 1 
5 2 12 10 
6 1 10 12 
8 0 6 5 
8 7 10 0 
7 8 7 7 
6 11 12 9 
6 5 4 8 
5 2 9 3 
7 6 4 4 
4 2 6 8 
509 6939 17146 14286 
225 975 1666 60657 
71 230 8790 66755 
53 65 16149 66225 
1846 931 16722 69379 
4147 485 7688 69564 
4464 79 10397 71419 
7722 392 20022 68289 
6115 7076 29946 6117 
9128 938 3132 369 
8476 1782 683 56 
7407 1313 624 9 
455 6406 28 2 
60 3557 402 0 
199 2985 152 8 
52 2618 289 46 
52 1009 273 34 
19 414 53 14 
60 315 204 8 
38 362 5 9 
101 182 29 16 
39 37 69 14 
14 45 91 10 
5 24 113 5 
2 7 37 14 
12 3 54 24 
8 20 0 2 
9 2 2 11 
14 0 16 2 
6 3 1 3 
4 6 8 8 
5 17 6 13 
4 9 7 8 
7 6 13 1 
4 9 7 5 
4 5 5 0 
5 4 6 7 
5 2 7 9 
6 2 4 2 
368 7564 17997 41668 
224 1171 10046 71089 
57 136 10476 72857 
98 276 8127 75080 
3709 1431 13845 73419 
6007 375 22074 71320 
7334 179 16707 72015 
7714 323 16075 76183 
10132 1731 34015 1868 
5782 1126 1787 56 
6471 834 1490 19 
7086 487 907 108 
114 502 671 277 
496 1054 172 108 
104 884 52 23 
131 346 8 55 
71 606 132 46 
111 563 148 51 
85 390 157 42 
105 335 228 45 
64 148 138 27 
31 55 299 0 
28 11 212 0 
1 23 82 0 
4 24 140 0 
2 36 5 10 
4 14 24 6 
2 5 0 10 
9 2 7 2 
14 2 8 6 
1 6 7 0 
2 4 6 7 
7 1 3 14 
6 0 4 6 
7 4 6 2 
4 6 4 8 
5 3 8 14 
4 2 1 6 
3 2 6 0 
1097 1638 652 84587 
192 425 8544 78439 
23 89 13440 77931 
4 30 18588 78110 
7303 483 14240 79336 
5164 160 9677 83703 
6964 568 12741 79580 
14253 3473 34105 60154 
6267 1435 9643 119 
7663 1457 866 37 
6895 1267 892 81 
6206 2995 1460 286 
234 1134 54 343 
265 833 69 205 
130 1599 63 181 
0 2102 0 82 
89 854 7 11 
54 409 38 106 
109 509 215 71 
92 550 307 31 
9 244 156 4 
40 47 375 15 
0 36 268 5 
2 46 55 10 
5 39 100 19 
11 15 7 3 
3 14 17 11 
5 4 12 3 
9 9 5 5 
6 3 7 2 
6 5 12 9 
3 10 7 13 
3 5 6 5 
3 0 4 2 
5 3 4 11 
4 2 5 3 
5 2 2 10 
7 3 7 10 
1345 2068 2455 2262 
551 625 377 73775 
32 16 19077 65071 
38 143 15535 68789 
50 180 11527 69052 
8102 229 10747 66676 
8743 354 16084 64339 
11212 922 11566 66912 
6656 2318 25053 20604 
12469 4002 2276 346 
10860 2347 517 33 
10367 2552 230 4 
3298 3014 1327 2 
746 3256 206 289 
539 2938 71 143 
75 4911 14 261 
80 2777 218 125 
115 373 4 19 
102 444 70 84 
131 504 19 19 
76 354 167 12 
27 113 88 26 
29 46 257 40 
37 88 85 2 
31 67 105 7 
0 10 59 2 
4 8 8 11 
4 4 14 4 
3 5 12 3 
8 3 4 6 
6 9 3 3 
5 8 7 6 
4 4 8 3 
6 9 5 8 
5 7 6 12 
4 5 7 5 
7 3 4 2 
5 4 7 10 
6 4 6 11 
1037 4789 22219 21637 
95 1717 2518 67180 
105 226 10078 74118 
62 34 17903 72349 
2914 854 19509 76723 
5939 29 9488 71240 
6559 1115 7816 71468 
8784 133 15702 69769 
18327 8190 15012 2825 
9757 1611 96 113 
11219 2535 194 13 
10765 1936 390 15 
1062 2840 864 113 
259 4534 66 171 
211 3385 69 78 
302 5697 13 89 
230 1501 383 35 
247 445 3 4 
326 398 41 8 
293 585 61 24 
160 357 86 36 
30 130 239 15 
38 8 106 48 
23 32 23 22 
34 29 90 43 
6 31 7 13 
6 1 25 4 
4 6 3 3 
2 3 14 8 
2 8 2 3 
6 1 5 7 
5 7 5 5 
6 10 9 1 
4 10 4 8 
5 4 10 12 
5 4 3 4 
6 2 14 2 
5 3 9 6 
5 2 4 2 
1227 11023 12236 57803 
195 660 12739 75878 
22 72 11609 78901 
25 124 11415 81724 
5480 662 18990 77522 
6174 56 21049 72311 
8897 828 14009 76284 
10045 298 14158 81674 
13070 1308 21167 189 
10581 4410 633 81 
9089 5451 668 135 
9037 6617 65 37 
409 7974 299 153 
686 7945 671 110 
159 7443 49 84 
12 8887 470 22 
152 909 212 94 
228 537 75 29 
103 732 87 0 
154 570 199 0 
54 109 129 41 
19 95 308 67 
19 26 28 22 
25 37 93 4 
12 14 24 21 
4 0 61 46 
2 1 37 16 
14 0 2 11 
10 5 20 8 
9 16 5 0 
6 10 8 7 
5 6 3 9 
4 4 4 12 
3 8 2 11 
5 7 8 8 
4 5 2 1 
5 2 9 7 
4 2 3 12 
6 7 15 10 
334 259 7 78639 
46 24 13768 76833 
16 31 18640 72694 
38 63 15785 74130 
8708 259 12413 70522 
6425 571 17955 67082 
8304 191 23706 66920 
16940 7475 32358 40606 
12381 7523 12123 229 
10438 5608 1481 39 
11409 4767 435 2 
6978 8592 201 115 
148 9211 463 228 
671 9276 339 54 
293 10252 19 51 
350 7083 342 63 
60 552 17 17 
323 487 18 6 
224 533 138 2 
94 550 184 45 
31 156 179 44 
25 40 149 8 
21 9 54 33 
14 20 95 47 
21 8 55 24 
21 9 46 3 
15 0 4 10 
2 1 29 16 
0 14 1 9 
3 14 9 1 
5 14 6 7 
8 1 5 2 
6 8 5 9 
8 10 7 14 
7 9 7 3 
3 2 6 1 
6 2 6 9 
6 2 5 8 
2197 6023 9036 7681 
305 966 2264 61846 
60 157 9898 73935 
94 196 11137 70801 
478 836 19867 67466 
6915 158 20376 62284 
8524 1158 11083 65206 
8611 146 15236 67872 
3557 1959 25314 10928 
12042 11401 6063 326 
10138 4242 832 6 
8900 5277 308 20 
2116 1193 97 85 
527 7559 373 64 
28 9766 102 3 
158 9526 117 5 
373 3245 129 56 
102 425 15 7 
146 428 0 5 
38 202 68 5 
50 217 139 10 
13 32 74 48 
15 37 266 26 
1 5 30 12 
1 11 103 55 
9 8 19 33 
6 0 21 4 
2 1 8 6 
3 13 4 0 
1 3 9 12 
5 0 0 12 
4 4 7 4 
4 6 4 3 
5 8 5 5 
7 8 5 7 
5 3 8 8 
9 6 3 8 
7 4 10 3 
8 3 3 4 
2002 2648 21345 28262 
75 2927 5830 81352 
1 39 17293 68634 
65 101 11597 68857 
4587 1452 9285 72038 
7867 138 15699 61244 
8702 496 14080 63649 
8038 407 8631 69714 
17732 12339 28220 2349 
8009 6838 1537 165 
11013 5169 1160 49 
9409 6826 727 5 
298 9894 1392 129 
366 11002 1329 48 
227 9762 24 34 
141 8226 310 14 
183 1169 57 15 
48 304 11 11 
32 273 50 1 
2 139 155 4 
6 53 115 6 
20 29 271 28 
1 3 17 31 
0 12 32 4 
0 9 31 4 
1 4 54 36 
5 10 19 19 
12 8 16 6 
18 9 12 1 
9 1 12 13 
7 3 4 11 
4 4 5 1 
3 8 6 3 
4 1 6 2 
3 1 4 6 
5 3 5 7 
7 3 7 3 
6 5 5 4 
6 2 7 12 
1757 6994 6597 60620 
246 1108 10853 61151 
60 137 9758 68551 
20 153 16009 66770 
6406 191 19594 60083 
7886 153 12630 59290 
9317 150 7382 60581 
9875 1127 12367 59645 
11188 2665 10163 496 
9747 6066 671 322 
8873 7532 366 48 
9321 7289 689 226 
125 7707 574 15 
114 8766 123 0 
29 7436 33 2 
131 4203 30 29 
48 259 114 32 
90 105 111 7 
6 145 159 9 
4 150 310 27 
14 66 200 15 
4 2 482 30 
10 30 81 23 
30 11 33 4 
30 5 59 0 
19 9 0 12 
15 9 18 15 
7 10 0 14 
0 3 19 1 
16 9 18 5 
6 2 0 4 
7 0 15 9 
3 2 1 6 
5 6 13 4 
1 3 1 6 
6 3 8 8 
2 3 6 6 
4 3 4 8 
70 83 119 113 
15 57 243 65959 
22 23 19553 60879 
63 140 16112 62732 
163 404 9611 65748 
7038 232 9420 58005 
6211 136 16147 56055 
6298 778 13746 56304 
8436 9606 16837 24424 
4752 6644 5490 1233 
9254 8966 579 137 
8986 8988 484 107 
3106 16951 315 218 
471 9986 211 128 
394 8816 135 103 
81 8787 62 73 
164 4159 250 0 
295 520 164 23 
158 320 291 16 
119 263 363 10 
51 162 347 20 
31 37 475 24 
7 32 372 19 
19 1 147 6 
18 3 74 7 
19 8 79 10 
25 10 25 10 
27 11 9 9 
15 15 7 1 
9 11 8 5 
4 2 0 12 
4 3 13 3 
5 5 0 5 
7 3 17 12 
7 7 0 4 
9 5 15 4 
9 5 1 8 
7 3 14 9 
5 2 3 5 
1239 7137 12918 10456 
402 1040 976 58912 
48 169 11747 63894 
48 62 17250 62015 
905 1894 19325 61450 
9506 100 10379 58024 
8316 1334 9909 59968 
8025 915 16443 61656 
10192 7287 33334 6446 
5277 4263 1974 483 
6150 8556 707 25 
6525 9636 347 90 
947 4604 47 79 
62 6497 337 138 
44 7144 163 125 
68 4447 202 85 
170 1855 337 6 
111 379 366 75 
117 119 550 16 
94 11 447 7 
63 28 607 1 
23 36 361 13 
20 11 479 33 
15 1 77 14 
0 7 89 23 
0 0 46 4 
5 9 6 9 
4 15 12 8 
9 10 8 4 
20 9 8 5 
9 2 1 3 
8 9 2 4 
7 9 11 3 
6 3 2 8 
8 3 9 7 
3 3 6 4 
3 1 8 4 
3 3 6 9 
7 4 4 5 
653 5260 16239 34888 
355 2598 8968 73288 
5 19 17774 64228 
32 80 12860 68305 
5481 386 14012 69397 
7707 127 22794 60154 
7137 249 21789 66340 
6278 355 16695 71112 
14447 189 28884 1212 
7714 2099 1771 13 
8058 1665 2446 35 
6432 1826 1324 107 
83 2118 1037 129 
532 641 742 52 
58 837 1276 25 
10 80 848 41 
40 22 464 32 
23 25 397 27 
15 137 381 32 
1 89 192 16 
7 32 532 22 
5 27 167 12 
2 39 133 24 
6 14 34 12 
5 16 117 1 
7 5 9 11 
11 4 20 6 
11 4 0 3 
14 4 13 4 
8 0 4 8 
4 5 5 10 
5 4 11 3 
2 6 4 3 
5 4 4 9 
6 2 4 9 
7 1 5 2 
7 4 6 3 
8 7 8 7 
5 4 6 13 
1739 4185 2628 70792 
227 635 10737 68187 
79 126 14423 64524 
32 20 21790 63837 
7338 110 15971 63069 
7838 243 10105 63210 
8897 109 14148 63442 
13812 620 25866 54138 
9681 752 10471 32 
8075 195 1229 36 
7530 25 2145 147 
6257 40 1539 257 
164 258 911 6 
491 273 737 23 
83 388 1713 19 
22 982 1092 27 
82 1389 678 14 
42 246 673 20 
17 623 235 55 
17 383 256 13 
9 38 209 8 
23 6 193 15 
0 3 97 35 
4 4 82 17 
2 2 50 3 
9 42 45 1 
6 56 4 9 
6 15 14 13 
9 4 0 5 
12 0 8 1 
8 1 5 4 
4 4 7 11 
9 6 8 5 
8 3 1 10 
6 2 11 6 
6 2 4 2 
4 2 10 10 
2 9 3 16 
681 939 1068 1046 
251 660 649 68854 
8 13 19724 62276 
24 83 13828 64437 
382 571 10737 62577 
8035 138 13404 55111 
6454 197 15696 55039 
6949 52 11973 58844 
5069 4338 4196 18482 
6466 4399 2200 1179 
7929 1103 1262 91 
8009 655 1926 191 
2596 4092 1980 323 
361 2639 698 0 
396 1726 999 1 
144 3075 2007 44 
102 2534 740 13 
93 1698 469 25 
39 614 696 89 
20 519 85 49 
38 223 226 30 
31 47 198 9 
15 25 71 10 
0 7 32 15 
5 24 55 21 
11 32 40 10 
1 53 13 8 
6 77 17 5 
5 12 7 12 
2 0 3 5 
3 3 5 1 
9 0 6 8 
12 6 6 13 
7 5 7 5 
5 6 9 1 
4 6 9 9 
2 6 8 12 
1 3 7 6 
6 1 9 2 
261 6098 18908 14738 
269 2589 1610 68133 
7 56 16413 62430 
9 12 18791 61630 
1829 648 15800 67889 
7587 42 9964 59123 
7264 105 12844 61101 
7079 351 18685 60646 
8869 11035 44854 3652 
5916 3149 131 240 
7825 1654 981 95 
6153 1806 1751 164 
305 2410 1581 325 
306 3547 1014 0 
57 4476 1802 64 
41 6127 2008 132 
287 2938 736 67 
87 1241 587 14 
10 885 602 101 
9 703 97 15 
38 227 186 24 
29 30 204 13 
11 36 49 2 
35 37 68 9 
21 65 7 17 
11 34 61 5 
8 40 0 8 
7 28 0 9 
8 13 22 0 
6 4 3 9 
5 0 13 21 
9 6 0 8 
7 4 13 1 
6 3 3 6 
5 8 0 0 
5 5 15 7 
5 3 0 11 
7 4 8 4 
5 3 2 1 
190 9241 14552 47989 
227 1476 9932 67155 
88 179 10502 72917 
58 237 18486 72172 
4561 1038 27841 69531 
7411 107 16121 68100 
8483 620 11273 72125 
9514 174 19185 69329 
12993 2108 14917 771 
8314 1713 195 14 
9207 2099 630 108 
8817 2595 1181 231 
31 2151 788 171 
302 5815 517 47 
167 6200 2004 20 
139 6125 1109 28 
92 2566 888 174 
43 728 580 21 
17 553 254 87 
37 729 130 11 
16 85 308 25 
4 47 89 14 
9 106 107 11 
13 52 47 10 
21 36 0 5 
7 51 43 13 
4 58 1 7 
4 29 18 9 
7 4 1 8 
4 18 13 5 
3 22 0 2 
2 6 13 8 
7 3 0 10 
7 0 11 3 
4 3 0 4 
4 4 15 9 
5 7 1 10 
7 3 12 2 
6 4 3 2 
630 912 133 73097 
24 74 19779 61683 
37 99 15315 66360 
31 161 13296 71410 
8390 420 18183 66422 
7611 14 23633 60757 
9374 135 19245 64482 
2176 3439 4364 47075 
11068 400 11806 498 
7642 3590 286 37 
8791 3746 759 179 
6805 6249 2055 281 
7 4203 301 50 
211 6465 884 27 
61 6944 1346 10 
26 6351 469 48 
17 1029 630 37 
13 313 422 40 
29 318 176 49 
11 598 133 4 
20 13 195 36 
8 17 108 24 
12 52 24 26 
22 48 49 13 
8 38 0 0 
5 40 14 14 
6 42 6 2 
10 11 2 8 
4 43 4 4 
1 17 7 14 
5 2 9 8 
5 0 6 1 
8 3 7 4 
6 6 6 9 
3 7 8 4 
7 3 9 9 
9 6 4 3 
7 4 9 3 
2695 4673 5483 4584 
289 363 496 69194 
27 137 13755 71632 
18 9 19108 68330 
803 1083 14258 74222 
8090 226 15242 70335 
6472 25 18114 69172 
7974 3 21802 65026 
16520 742 80049 13839 
8956 16 6174 426 
7812 4460 127 104 
7246 4145 813 188 
1207 2669 695 390 
242 4412 505 36 
73 6855 841 24 
210 5501 353 1 
396 2702 663 19 
103 389 200 12 
88 79 111 5 
38 152 146 6 
33 207 97 3 
2 75 183 0 
5 64 109 31 
0 79 13 19 
15 27 43 7 
10 7 11 22 
8 25 9 2 
4 36 5 9 
4 43 5 5 
5 22 6 1 
9 1 7 7 
11 8 4 11 
8 20 5 11 
5 12 12 4 
5 2 4 2 
3 4 10 8 
3 6 5 15 
1 5 5 6 
3 3 3 0 
2018 2954 22218 23639 
9 2042 6395 59678 
30 142 11582 71552 
24 95 14946 70928 
2477 1485 21613 67741 
7146 47 17296 63734 
7882 249 13353 66012 
11045 33 15530 63005 
12243 10719 2542 2367 
8227 1438 2257 0 
9438 4136 610 125 
8848 3176 976 300 
269 5115 32 0 
547 4677 393 10 
329 3992 617 27 
168 3168 185 26 
57 787 458 23 
79 125 247 29 
27 28 26 7 
17 218 153 4 
18 132 93 0 
18 91 168 15 
14 63 69 26 
12 85 51 11 
17 30 0 11 
17 8 20 0 
7 6 1 13 
12 9 3 4 
4 28 6 4 
3 25 2 9 
2 0 3 4 
2 8 8 8 
4 14 3 8 
8 11 7 2 
5 4 3 6 
7 2 7 8 
6 2 4 5 
9 4 5 11 
6 3 5 4 
1560 8075 7947 54233 
120 278 16653 66809 
53 70 15429 65891 
95 291 11624 70303 
6759 119 18562 64527 
9180 115 19868 57935 
10797 175 15103 60642 
9187 373 11277 60809 
8821 2455 19390 718 
9775 3718 584 95 
8326 4226 947 39 
9351 3677 1018 291 
290 2445 525 33 
583 3066 525 0 
221 3161 239 31 
499 1508 259 48 
370 80 93 0 
154 22 71 12 
113 21 75 13 
60 311 231 2 
27 52 97 0 
8 32 149 19 
4 103 30 25 
4 90 67 4 
19 36 3 1 
4 23 39 12 
3 19 6 4 
3 33 12 7 
8 55 1 2 
7 17 12 8 
4 5 4 11 
4 1 7 9 
3 3 4 1 
8 4 2 6 
6 0 9 2 
5 6 7 6 
4 4 7 12 
2 4 3 6 
7 5 13 9 
89 47 99 71569 
19 12 17899 66046 
40 104 18616 64592 
104 274 12947 70731 
8094 119 13359 65925 
6980 5 19080 61214 
8448 97 20992 59943 
17547 5198 16018 32083 
10262 5444 11233 1015 
9733 3667 277 98 
9473 3760 1004 107 
4364 4219 127 409 
194 3157 275 47 
391 4612 607 39 
231 2945 335 14 
76 2430 300 16 
92 108 222 23 
19 21 78 6 
18 42 159 3 
10 321 172 1 
6 24 205 1 
21 76 52 33 
30 130 31 17 
14 95 34 14 
32 27 44 12 
16 4 0 0 
8 18 8 14 
6 40 10 3 
4 43 4 2 
9 27 12 14 
15 8 3 9 
5 17 2 11 
9 11 5 9 
9 3 5 3 
9 1 9 3 
8 4 7 8 
8 6 7 9 
7 5 4 3 
1881 6871 10663 8816 
243 894 1054 62711 
75 188 12689 64963 
40 20 19084 60679 
475 274 22175 64467 
8172 68 12911 59296 
8857 373 16687 57396 
9045 38 24261 55411 
3559 1497 71834 7203 
6401 1511 3746 282 
7653 3135 289 122 
7775 2203 711 254 
1363 1229 76 270 
121 1822 287 11 
139 2718 183 85 
309 2744 139 54 
256 1735 337 8 
59 83 184 51 
110 27 103 19 
53 187 245 2 
83 249 198 2 
25 16 198 11 
40 183 147 14 
17 69 19 4 
7 31 64 6 
0 10 11 16 
2 17 16 3 
1 46 2 10 
7 14 4 5 
4 10 5 10 
11 11 3 5 
11 26 11 1 
9 13 4 5 
5 1 7 9 
3 2 3 6 
9 4 2 9 
9 2 9 9 
7 2 2 0 
6 5 12 7 
1607 4081 18492 30001 
68 1844 6542 56729 
47 131 10897 68379 
42 96 18360 65174 
4779 1253 24232 63996 
8658 79 14697 60701 
7162 3 15678 62991 
8867 232 20982 60561 
18983 6782 5881 1455 
9833 281 490 43 
8919 2005 695 147 
6767 1495 289 307 
322 2893 621 161 
235 3111 764 22 
12 3462 381 43 
138 4141 210 30 
347 1697 572 93 
40 626 304 36 
51 219 129 48 
42 474 303 10 
10 178 262 10 
37 3 330 0 
22 43 56 4 
1 90 77 5 
5 62 18 8 
0 50 40 1 
0 54 5 16 
6 12 5 2 
15 15 11 2 
8 27 0 8 
4 23 12 10 
1 15 2 1 
6 2 16 3 
3 4 7 1 
4 4 8 5 
8 3 6 10 
5 2 11 5 
6 5 6 2 
4 4 10 8 
1891 5345 3674 66766 
73 434 16670 60463 
99 163 10620 68485 
60 213 14307 70381 
6661 253 20964 63233 
7247 26 16075 61316 
9476 112 13349 65250 
12470 1548 15883 61729 
6441 668 14360 423 
7453 1625 144 64 
8543 1551 552 73 
8077 2063 501 485 
20 1946 387 7 
269 2882 466 34 
45 3896 594 2 
6 4643 164 75 
71 749 357 101 
3 575 317 10 
28 355 73 51 
5 403 335 42 
12 42 209 6 
42 32 321 14 
5 98 121 2 
15 125 26 6 
25 56 50 14 
28 38 1 3 
12 23 6 9 
6 39 9 7 
2 38 7 3 
7 2 11 2 
7 21 11 4 
3 9 2 1 
2 3 18 5 
3 3 0 12 
5 3 13 7 
5 7 2 2 
6 3 3 9 
3 2 7 2 
254 296 328 264 
189 398 443 65975 
1 3 18196 60150 
10 106 14807 63699 
66 276 12070 66804 
8607 322 13831 57175 
8005 46 16378 55772 
9646 77 12736 59341 
11433 2984 5534 22788 
10185 746 4563 719 
8860 1202 227 21 
8478 1555 671 61 
3303 8 1636 178 
36 1239 214 7 
58 4002 597 143 
156 3836 594 79 
50 3938 285 111 
32 697 386 126 
73 535 163 33 
41 227 149 7 
96 385 221 15 
14 53 343 13 
29 29 164 6 
4 30 56 1 
7 81 11 4 
12 66 38 6 
13 59 0 7 
10 48 12 11 
11 11 2 3 
9 15 5 8 
4 21 7 12 
3 19 8 5 
6 6 6 2 
9 2 12 4 
9 5 4 10 
7 5 1 8 
9 2 12 14 
7 3 2 6 
3 2 11 2 
500 7707 17623 13562 
311 2275 1552 80623 
2 9 17776 66436 
65 136 15878 64475 
2367 756 13127 73045 
7472 94 11485 62210 
7120 4 14700 64254 
8309 95 12064 65720 
6348 6074 48201 6136 
4969 2191 1059 536 
10035 606 608 98 
10230 479 985 162 
1241 3587 1221 139 
225 1141 512 96 
164 1495 450 109 
20 2982 162 23 
209 2348 891 84 
18 620 212 64 
5 413 281 34 
11 330 245 41 
3 154 302 38 
40 0 407 7 
50 13 118 2 
7 1 46 2 
5 70 67 3 
7 37 17 6 
19 26 10 3 
5 18 3 7 
4 19 9 4 
2 34 5 3 
5 18 8 13 
8 3 7 3 
5 6 2 11 
5 3 9 10 
4 2 3 3 
7 4 8 2 
6 4 6 9 
6 4 6 11 
4 2 5 5 
276 7727 14374 40106 
374 2581 6048 71055 
23 33 18432 64017 
7 49 18208 62113 
5098 1772 10805 64369 
9500 301 15361 57298 
8191 6 22420 59019 
10041 243 18187 62602 
11588 1840 18442 896 
10333 347 1487 145 
10622 193 1529 149 
11584 90 1281 202 
162 458 646 205 
478 104 338 97 
135 294 270 127 
67 503 293 126 
331 124 524 110 
48 272 323 35 
0 415 261 55 
4 199 420 57 
4 106 197 13 
25 3 348 9 
22 12 44 5 
29 7 52 4 
12 6 5 8 
6 0 23 5 
6 7 2 7 
2 25 6 4 
1 12 2 5 
2 9 8 7 
8 1 9 2 
6 4 6 6 
7 5 8 10 
7 2 7 7 
9 4 5 3 
5 2 7 5 
5 5 5 12 
3 4 6 8 
6 6 4 4 
1596 2429 915 73452 
302 496 9361 70158 
55 114 15894 66582 
36 6 20216 66453 
7085 414 18136 61930 
5382 322 14427 64971 
7584 117 21581 64014 
15411 5202 40708 50075 
11776 3553 15627 206 
9515 1162 1567 191 
9516 1554 1567 229 
5613 237 1219 594 
263 705 359 111 
374 406 516 183 
37 18 427 44 
65 69 230 84 
82 356 129 102 
77 156 415 146 
12 188 450 8 
2 81 285 44 
2 30 401 31 
3 10 199 1 
3 12 79 1 
4 0 34 2 
2 1 45 9 
16 11 20 4 
5 8 4 1 
2 1 8 7 
0 7 4 10 
2 7 12 4 
5 3 10 13 
9 7 4 9 
3 2 8 11 
3 4 6 6 
1 2 5 1 
5 2 5 3 
7 3 4 10 
7 3 5 7 
1370 2244 2633 2510 
212 580 1567 63053 
58 193 11061 73227 
87 135 11981 71408 
194 262 17695 68401 
7551 182 22791 62973 
8771 799 13916 66973 
10162 26 17414 68320 
6946 709 39127 17396 
7550 5214 8192 378 
8514 2427 994 9 
10544 1769 608 96 
2811 5990 724 9 
327 1835 155 57 
311 978 174 83 
72 518 418 35 
134 105 91 117 
121 116 314 58 
57 207 243 33 
13 49 420 3 
22 14 249 16 
24 6 407 10 
72 18 230 3 
22 1 44 1 
26 1 48 0 
24 5 47 6 
14 4 3 8 
7 6 7 10 
3 1 2 9 
0 1 3 2 
2 6 9 8 
6 3 2 4 
7 2 10 2 
10 3 1 7 
11 3 11 8 
8 4 5 4 
3 5 10 4 
2 2 3 4 
3 2 4 7 
656 5237 22535 20671 
2 2411 6576 70211 
88 185 12348 74325 
102 300 10299 75642 
3048 1330 17156 76643 
8136 67 18695 65429 
5997 524 12019 74717 
5909 255 11226 76637 
11630 9435 3149 4846 
10918 1558 820 74 
8658 5812 500 43 
7020 6500 478 86 
240 8156 784 242 
721 4804 148 160 
55 6467 239 5 
147 3676 52 38 
265 833 188 66 
286 82 227 68 
139 69 285 54 
133 59 459 18 
38 96 515 13 
34 53 374 5 
5 26 243 3 
11 1 81 12 
8 8 139 3 
0 22 28 2 
13 4 9 3 
1 13 13 0 
2 14 4 10 
1 12 11 12 
8 1 3 4 
8 7 14 8 
11 4 2 12 
13 3 14 4 
5 3 14 8 
9 4 3 0 
4 2 8 3 
6 2 2 7 
6 4 8 6 
783 10013 12893 54126 
340 564 13888 74702 
6 29 14657 74829 
65 160 10702 76521 
5772 502 11059 68861 
7944 150 15744 66409 
8340 460 12346 69055 
9295 302 8449 71096 
7787 4873 17124 957 
8093 6987 372 12 
9455 7046 233 31 
9680 6714 400 105 
16 8150 112 13 
548 6396 36 93 
168 6089 155 57 
48 4190 15 92 
35 437 111 179 
134 76 264 111 
104 131 285 53 
55 124 444 8 
87 42 324 5 
43 44 575 16 
18 8 92 4 
20 13 140 2 
12 8 42 13 
17 0 52 12 
21 11 0 9 
22 17 11 1 
19 14 2 9 
16 3 10 9 
4 1 3 0 
3 5 9 6 
4 4 5 8 
3 3 7 3 
6 4 5 4 
8 5 5 9 
7 5 7 10 
5 3 4 3 
10 4 7 2 
369 291 16 77194 
8 10 16052 70522 
15 71 17502 67185 
11 64 13062 70009 
8291 210 8788 65603 
7404 313 14296 60803 
8236 234 14146 62729 
5852 6573 19609 40122 
13672 4088 8061 551 
9843 5758 678 20 
9431 7141 427 123 
5575 5277 1136 318 
402 4551 121 104 
225 4985 124 118 
15 3572 87 11 
140 1950 20 159 
27 14 64 52 
101 20 97 28 
35 0 321 0 
43 76 282 10 
23 51 363 7 
27 43 403 16 
3 18 17 7 
8 18 89 14 
6 12 9 5 
0 0 16 5 
2 0 4 1 
10 7 6 7 
5 1 12 1 
1 0 2 16 
4 6 4 7 
4 2 9 4 
9 4 6 7 
7 3 10 11 
8 8 7 4 
2 3 4 8 
5 3 5 3 
5 3 5 2 
2185 5313 7237 5896 
218 848 1568 49438 
25 122 10784 59625 
35 75 13674 55736 
964 1060 15487 57720 
8516 41 14912 50777 
6698 194 11646 54473 
8140 21 14645 55769 
17267 254 26444 9182 
8794 7051 3435 268 
10097 3478 799 29 
10138 3654 442 174 
2081 8089 330 381 
449 3695 251 125 
271 2858 174 79 
61 2018 68 26 
31 575 104 93 
193 54 151 87 
34 13 286 79 
31 20 279 42 
31 0 347 23 
35 18 272 3 
32 86 281 18 
17 19 51 10 
16 7 41 9 
2 5 24 8 
0 7 11 2 
6 12 5 14 
7 2 5 9 
15 1 3 1 
10 8 13 6 
10 4 3 6 
12 4 8 2 
10 4 4 3 
5 2 7 11 
3 2 4 5 
3 5 10 2 
5 5 5 5 
3 5 6 8 
1458 2633 19046 24583 
96 2684 6987 67754 
32 28 15356 60899 
62 187 10354 62586 
3363 1699 11153 58862 
9146 125 20647 53689 
8756 545 17521 57476 
10130 99 11802 61534 
3959 4021 29633 3561 
7114 3874 936 30 
7523 4496 837 87 
8834 3686 392 276 
156 2778 263 84 
179 2600 115 163 
68 3260 173 10 
44 1554 5 27 
328 93 185 13 
130 30 236 36 
57 30 171 34 
13 6 399 47 
22 8 254 21 
26 24 409 2 
25 44 105 10 
27 0 36 2 
22 0 106 4 
20 15 10 8 
15 3 13 1 
10 4 1 10 
2 0 7 4 
0 2 6 6 
7 1 5 4 
6 3 7 9 
4 3 4 6 
1 3 6 2 
3 7 7 9 
7 7 8 15 
7 5 8 8 
5 6 5 12 
3 5 5 4 
1743 8213 7385 61376 
536 979 8559 72221 
45 82 17812 63769 
67 32 18070 64915 
8279 539 13671 68006 
6796 140 14488 64319 
7233 27 20734 64269 
7335 298 22958 63845 
9834 3551 14971 197 
10713 3297 658 135 
9527 3558 1135 193 
7725 2887 524 227 
117 3086 299 65 
383 2382 58 102 
24 2063 302 53 
9 392 42 42 
17 80 195 107 
69 42 251 40 
34 99 399 18 
26 58 414 18 
73 3 311 7 
35 23 472 19 
16 4 76 16 
4 0 116 11 
23 4 47 1 
3 0 35 10 
20 2 3 14 
14 5 8 9 
8 4 3 1 
4 1 3 4 
2 4 8 3 
1 5 4 3 
7 5 9 7 
3 2 7 12 
3 1 3 7 
6 2 7 2 
7 5 4 5 
10 7 6 13 
106 103 98 106 
95 15 348 65190 
130 256 11146 66828 
100 187 10228 64699 
22 7 17999 65835 
7429 120 22397 59318 
8137 351 14302 62470 
10356 249 17158 67157 
4145 12507 48042 28866 
9588 7071 10535 139 
8780 3281 1406 189 
9114 2408 1063 156 
3928 6830 81 124 
202 2283 443 229 
359 950 104 60 
138 753 248 16 
89 85 56 105 
158 188 157 114 
112 103 282 85 
41 186 348 8 
40 104 365 10 
63 11 412 22 
80 17 375 18 
19 3 60 4 
22 2 92 0 
9 6 10 0 
15 5 17 10 
16 11 1 3 
10 0 13 6 
6 7 6 9 
4 5 5 4 
1 1 10 7 
8 12 12 6 
7 6 6 11 
7 2 10 6 
3 2 3 1 
2 2 7 6 
3 3 4 9 
4 3 6 6 
1145 7522 14608 11706 
510 2104 2841 70697 
29 69 16012 65198 
110 246 9738 66596 
2157 1803 17475 65510 
8583 86 21549 58015 
7307 339 18423 61898 
6773 181 16052 70557 
15847 8207 5893 8493 
7623 9240 4739 128 
9652 4727 1438 36 
7996 5188 453 201 
793 2895 209 248 
648 3883 320 51 
29 3888 71 30 
17 2541 5 13 
105 735 91 63 
170 9 83 74 
66 26 472 64 
32 39 264 19 
30 7 519 0 
88 17 516 4 
72 58 243 4 
31 9 138 6 
17 6 54 7 
19 3 78 10 
16 8 0 4 
7 2 15 12 
16 0 10 15 
15 7 3 7 
6 8 6 4 
5 4 10 8 
1 7 6 3 
2 5 7 6 
7 1 8 9 
3 5 7 11 
2 5 4 9 
5 5 10 3 
3 5 6 5 
779 4742 17975 34796 
312 2136 7691 75922 
11 2 16165 64235 
30 115 11550 66788 
4068 1158 10858 67781 
8690 36 16312 62067 
7220 73 20233 63916 
9558 229 16049 66507 
1882 89 28267 2744 
8751 6214 552 135 
8080 6868 640 88 
8789 5161 731 172 
121 5206 175 12 
396 5753 199 61 
100 5673 38 45 
18 2973 44 52 
73 664 175 60 
60 25 148 44 
74 6 416 0 
29 0 303 14 
54 1 732 43 
9 13 391 21 
0 46 316 11 
0 1 86 2 
2 3 192 8 
2 30 46 8 
1 10 30 1 
2 2 4 13 
13 2 5 4 
8 1 4 5 
4 9 10 5 
5 6 3 4 
2 8 13 9 
10 2 12 7 
7 0 2 10 
7 2 10 5 
6 7 3 1 
3 3 8 4 
4 5 3 14 
1572 4448 3146 74560 
231 426 9121 74338 
16 55 15549 70406 
14 7 19101 72371 
8989 195 13450 75821 
7037 219 11182 72558 
6027 59 17985 73518 
3891 212 25099 68329 
6730 5396 12585 798 
7059 7206 449 427 
5788 7524 213 154 
4231 5764 75 115 
224 7797 169 32 
42 6834 13 31 
85 7614 17 5 
393 2370 201 16 
221 238 148 32 
167 19 76 21 
122 34 485 10 
109 27 373 37 
73 13 860 48 
51 77 298 9 
7 9 180 15 
8 19 158 7 
4 24 113 1 
3 16 112 7 
10 0 14 11 
8 7 13 0 
7 4 4 7 
7 4 3 5 
7 0 13 7 
8 2 0 7 
4 1 14 6 
4 2 2 1 
5 4 12 8 
3 6 3 11 
4 2 5 10 
6 4 9 9 
746 1007 1100 1099 
82 306 1171 63482 
125 274 8904 72835 
87 97 12710 71583 
329 326 17509 76853 
7035 38 14870 71059 
7196 389 9148 73121 
9089 98 14842 72922 
7936 10058 58115 22154 
6241 17708 4357 729 
6869 9365 30 173 
7697 9285 44 76 
1879 19254 633 447 
495 8804 103 59 
326 7541 25 82 
139 7224 267 43 
173 2369 137 9 
214 189 46 12 
211 19 244 25 
185 11 480 36 
139 10 287 16 
91 6 708 23 
60 60 450 0 
25 1 200 0 
24 0 90 0 
13 10 139 11 
22 42 9 3 
17 10 33 8 
17 16 1 5 
14 4 9 6 
7 0 7 7 
5 1 2 3 
3 6 15 5 
4 7 2 10 
6 8 12 8 
3 3 2 11 
3 2 12 2 
7 3 4 1 
5 2 8 5 
370 6127 20450 17576 
59 1494 3861 59056 
36 81 9863 70587 
22 137 13822 68446 
2052 1535 20162 66193 
7997 104 11296 63814 
7845 253 8170 67453 
8234 1030 12427 66239 
10188 9829 6848 4624 
6920 8629 628 180 
8163 9074 48 167 
8365 7998 773 82 
902 3243 1321 356 
284 8001 60 42 
83 6516 440 16 
196 6085 67 15 
465 1465 215 142 
270 225 229 42 
119 60 235 14 
94 131 528 13 
100 58 344 7 
17 0 487 3 
0 33 246 2 
8 36 141 4 
50 5 103 9 
33 20 10 0 
12 12 25 10 
8 6 6 7 
0 0 6 9 
0 4 3 3 
2 5 8 3 
5 3 11 3 
2 1 4 7 
3 1 6 5 
4 3 5 0 
6 3 8 7 
7 5 4 9 
8 3 9 6 
4 2 7 11 
252 7503 12843 47074 
286 767 12316 65838 
66 168 11457 67848 
123 202 10496 67356 
6299 253 19407 58469 
9578 257 14718 58639 
8418 19 10057 66803 
7837 1101 9026 67032 
14615 2152 11927 1005 
12609 6133 124 41 
11364 6506 184 62 
9225 7257 1147 203 
134 6338 429 112 
750 7667 161 21 
140 7707 521 53 
66 5731 7 55 
159 438 117 7 
340 134 103 16 
116 68 294 4 
155 162 303 0 
121 9 413 3 
84 5 273 0 
43 68 199 14 
44 36 29 3 
32 8 92 0 
21 2 3 16 
23 3 21 12 
4 10 2 6 
1 11 10 0 
0 9 2 8 
5 0 16 8 
5 7 0 2 
10 4 10 5 
10 4 4 10 
11 5 13 4 
7 5 5 4 
5 3 11 5 
7 5 3 8 
6 4 7 10 
926 1077 419 78674 
11 5 17612 67236 
41 113 16010 66467 
73 236 9946 69567 
6943 21 11027 64916 
6765 97 15075 61997 
8208 11 13344 65212 
18023 7462 571 48379 
8281 6492 7252 1216 
9944 6920 57 310 
10934 5238 565 188 
8153 9262 2172 617 
16 7240 167 32 
222 7379 466 0 
88 8930 36 106 
425 4502 192 22 
92 437 63 47 
142 93 20 33 
97 33 150 18 
120 69 340 8 
90 38 137 10 
60 10 338 8 
27 3 10 3 
32 12 52 7 
31 12 24 17 
6 0 5 12 
22 0 18 16 
23 15 7 4 
16 8 12 2 
7 4 2 10 
4 0 9 7 
3 1 2 2 
8 3 2 4 
6 2 6 3 
5 3 5 11 
4 1 6 10 
8 3 6 2 
6 4 9 3 
2659 4616 5481 4467 
364 219 96 71603 
56 116 15094 68911 
38 8 18804 66034 
1043 852 13464 74268 
7572 193 8553 65450 
7763 166 13105 63097 
9267 42 13835 64585 
19118 3594 60851 13774 
11689 10570 1458 1134 
10977 6580 259 272 
10634 6215 852 74 
3727 1014 842 190 
281 6187 109 46 
189 7771 1033 36 
0 6890 47 7 
43 2779 181 44 
68 154 3 23 
5 41 68 65 
12 45 108 26 
10 22 231 7 
0 18 59 10 
6 60 271 3 
13 0 5 16 
12 5 40 6 
5 2 20 3 
12 19 28 2 
10 29 29 5 
8 6 8 12 
4 1 3 3 
2 4 10 0 
4 5 4 11 
3 7 10 10 
4 4 6 3 
8 3 6 4 
7 3 8 6 
4 3 7 8 
4 4 10 4 
7 7 6 2 
1655 3177 22736 22460 
19 1554 5201 58627 
28 61 10931 71194 
11 60 14424 68569 
2797 1141 17878 63779 
8231 49 15384 59028 
8645 286 8760 62020 
9749 124 11645 63331 
3483 4159 1094 3139 
7477 6512 251 69 
11182 3793 648 139 
12286 4553 965 74 
911 5929 245 276 
120 4921 71 75 
74 4827 402 7 
138 3489 64 52 
339 559 30 35 
7 93 20 60 
18 30 41 72 
127 40 219 5 
1 17 180 5 
10 16 51 7 
7 16 93 27 
21 3 15 7 
15 8 0 1 
12 8 33 2 
3 23 7 3 
7 2 3 3 
2 0 13 3 
4 5 2 11 
4 7 14 13 
6 2 3 4 
4 4 6 0 
6 4 8 13 
5 3 6 3 
6 2 6 10 
6 4 4 9 
6 3 9 3 
3 4 4 4 
1732 9042 8154 60119 
257 631 14290 76451 
52 130 17954 69486 
95 136 11040 72811 
8179 247 15335 72700 
8274 25 21875 62269 
8912 44 18201 66886 
7780 293 14183 71748 
8324 1329 18412 97 
8664 2883 358 83 
9861 3143 918 135 
11467 3519 508 45 
299 3005 246 18 
110 3116 257 71 
33 3644 71 0 
36 1720 84 88 
80 151 74 93 
10 102 28 27 
141 109 189 55 
89 12 234 64 
44 18 119 2 
4 16 296 1 
8 6 61 22 
3 6 10 11 
12 33 5 7 
8 18 1 4 
4 25 52 12 
14 8 0 0 
10 0 20 4 
7 5 1 10 
4 7 11 6 
7 6 3 0 
6 5 6 7 
4 3 10 13 
7 4 5 5 
7 8 9 0 
5 8 6 6 
4 3 5 9 
16 13 16 16 
301 111 66 72081 
135 271 10865 72580 
60 81 18244 67993 
61 111 19322 69865 
7438 169 14499 68025 
7065 312 15400 67853 
9497 8 23807 68879 
8859 9581 62089 36293 
10037 3242 12781 347 
9829 1837 835 7 
10379 1684 514 15 
5477 2086 30 24 
16 3242 74 3 
254 2089 110 5 
36 2509 302 27 
359 1483 94 106 
19 30 79 88 
35 118 36 56 
211 258 399 38 
168 173 287 20 
63 13 488 14 
60 21 516 1 
29 8 85 16 
12 5 40 17 
14 19 11 2 
5 15 12 3 
4 38 23 7 
8 19 2 4 
2 16 4 2 
9 16 6 8 
6 15 4 12 
4 3 8 2 
6 1 8 2 
3 3 2 11 
3 4 8 13 
8 2 6 16 
6 3 8 9 
8 6 6 2 
2811 7895 11175 8350 
247 1645 3056 65667 
54 136 13041 72192 
27 128 11722 73202 
936 1497 20092 69464 
8366 147 25004 63701 
9081 567 17002 66169 
11512 6 15123 72410 
7654 5780 17 11505 
9668 6284 5127 539 
8118 1751 872 46 
9890 2026 310 30 
2847 3569 0 166 
35 2284 23 7 
28 1972 253 18 
50 1410 340 49 
117 1770 199 89 
42 95 0 93 
212 367 183 31 
277 232 186 52 
197 182 445 38 
41 85 486 8 
18 0 325 7 
3 1 45 7 
6 25 32 14 
2 56 35 12 
2 6 3 2 
12 12 10 9 
10 21 7 7 
8 26 2 1 
4 11 5 5 
3 2 6 12 
4 2 5 9 
2 3 3 3 
7 3 10 4 
7 4 6 12 
7 4 3 13 
4 2 5 2 
8 2 9 3 
1881 3747 20644 30125 
153 2910 6099 79607 
2 14 18540 66823 
10 49 14818 67477 
3952 782 13104 73380 
7639 138 18994 61079 
8369 21 25191 62108 
8929 318 19190 65364 
17401 1474 37247 1840 
9324 2385 2233 156 
10349 1068 564 47 
8668 2506 572 27 
239 4069 135 39 
199 2139 75 26 
15 2261 272 9 
116 1309 86 43 
387 1488 119 100 
34 448 21 19 
53 362 202 89 
106 278 259 67 
95 34 491 17 
68 63 549 3 
51 0 148 15 
6 42 62 1 
3 79 46 19 
6 72 26 17 
7 49 2 5 
3 18 4 3 
10 3 14 3 
9 13 2 3 
4 1 5 1 
6 0 2 8 
7 3 9 7 
7 5 1 1 
6 4 10 6 
4 2 0 12 
5 6 12 9 
8 5 9 12 
7 4 2 6 
2006 6522 4771 61372 
370 947 9567 61850 
106 176 11708 63430 
55 83 19578 61968 
7299 219 16470 59001 
8834 286 9733 60710 
10715 111 12819 62733 
12585 963 20742 57946 
7206 1423 10855 29 
7294 2295 489 24 
8179 1010 301 33 
7389 2401 349 129 
69 3798 221 2 
154 2954 370 169 
220 2202 121 115 
3 2352 58 210 
24 673 214 243 
26 490 131 18 
101 385 207 78 
110 472 312 10 
27 104 490 27 
61 6 344 1 
27 58 135 19 
1 54 40 1 
0 33 66 2 
3 34 6 3 
5 79 12 3 
4 38 7 4 
5 19 6 7 
11 0 6 5 
12 3 3 2 
9 8 5 4 
3 10 6 10 
11 2 2 9 
7 5 12 15 
7 10 1 5 
6 6 11 1 
3 4 1 7 
305 340 395 374 
68 194 410 68496 
13 47 18792 63871 
51 111 13215 66984 
263 571 9466 65706 
8402 98 13153 59860 
7069 240 14182 60435 
8551 98 9602 65975 
9543 5866 1971 25847 
7705 857 5263 451 
9245 696 198 8 
7888 674 302 29 
3635 8 577 58 
89 1615 181 37 
149 1794 139 80 
62 1178 401 45 
243 2661 8 196 
51 77 87 154 
35 216 92 103 
12 353 360 7 
14 475 457 4 
0 136 623 11 
41 39 371 1 
38 66 67 5 
14 86 58 1 
21 39 6 4 
21 19 15 4 
7 73 12 7 
0 53 16 10 
1 34 12 4 
3 7 18 4 
7 0 3 8 
2 9 4 2 
6 3 14 10 
6 2 1 13 
7 4 12 10 
7 3 4 2 
3 3 9 6 
5 2 2 10 
645 8515 18994 14703 
329 1704 960 81001 
15 39 14728 75688 
8 67 18124 73265 
1235 847 16414 79175 
8977 181 7140 71792 
9064 93 12184 70739 
9260 271 15483 72366 
8449 7683 54605 7062 
5331 2385 1035 270 
8334 723 486 6 
9036 561 255 25 
1186 4175 185 62 
39 1482 561 119 
27 1446 444 108 
42 2196 371 78 
5 2187 697 140 
86 84 144 126 
61 230 307 134 
49 292 225 31 
41 250 604 2 
51 55 451 7 
35 166 236 14 
41 40 48 8 
20 40 95 9 
3 36 58 3 
0 64 0 7 
7 100 31 4 
2 11 19 0 
2 13 0 9 
10 7 20 12 
10 11 3 6 
12 3 18 2 
10 1 1 5 
6 0 13 11 
4 3 9 4 
6 2 2 9 
7 4 6 4 
4 5 3 1 
381 7739 18451 41273 
149 1735 8457 65686 
50 199 9962 76365 
35 70 14546 75840 
5463 1054 23000 70036 
8429 143 11380 69839 
8203 17 8447 75250 
8973 791 11235 73785 
18693 3979 12612 875 
10409 506 11 46 
9297 229 773 34 
8257 388 561 92 
55 818 761 119 
148 954 633 111 
73 2499 387 96 
117 2689 316 68 
420 1133 517 110 
46 350 205 29 
93 360 194 101 
74 274 447 49 
18 55 325 19 
22 49 527 19 
3 15 69 1 
9 37 55 1 
37 46 39 7 
15 56 49 13 
1 95 32 20 
7 30 0 2 
19 9 25 3 
8 17 3 10 
1 20 22 13 
0 10 3 6 
2 1 15 0 
5 7 15 5 
3 3 1 1 
3 1 7 7 
4 1 3 9 
5 1 7 2 
6 2 4 3 
1476 2670 1287 82896 
14 86 19452 68413 
108 189 12384 74523 
114 315 11805 76886 
8360 88 16215 68966 
7303 166 14331 69825 
8110 90 10174 75375 
15205 4838 7566 63560 
8527 36 12287 404 
10645 350 221 20 
9655 152 421 54 
7002 52 701 547 
45 1850 464 69 
255 1544 217 155 
14 1413 123 44 
318 1510 15 193 
224 306 187 239 
95 497 129 34 
25 503 159 34 
65 374 492 55 
48 164 397 16 
97 145 417 37 
18 90 75 15 
16 118 51 7 
13 107 46 2 
21 79 16 1 
6 48 1 12 
5 40 27 8 
2 30 0 0 
6 4 4 3 
2 1 10 2 
2 6 3 4 
5 10 11 10 
6 6 10 7 
6 3 5 1 
6 3 8 5 
6 6 9 1 
5 5 2 7 
1624 2529 3117 2894 
398 380 203 84818 
27 22 18797 75214 
45 78 15480 77457 
171 30 13538 83734 
8251 215 10628 75524 
7766 199 15523 73848 
11524 116 12090 79468 
13881 1778 24958 22065 
9566 126 4569 549 
8467 1563 90 41 
9256 1173 31 55 
3194 5382 300 56 
33 2922 144 6 
74 3419 308 149 
214 2291 124 98 
114 2127 39 85 
142 224 90 47 
296 753 164 57 
119 682 106 48 
150 352 590 47 
28 137 440 7 
40 150 449 15 
13 11 32 0 
28 20 75 12 
27 39 28 9 
12 41 6 7 
1 102 15 0 
2 47 0 10 
6 25 26 9 
10 2 0 2 
14 0 10 1 
11 9 2 3 
5 6 12 11 
4 7 2 8 
9 3 10 12 
5 5 3 3 
7 5 10 3 
3 3 3 12 
657 5105 22482 21505 
177 2784 1610 84017 
33 96 15729 76295 
15 93 16953 77305 
2895 1881 13029 83794 
8463 257 10436 77217 
7020 27 17157 77333 
8013 331 17587 80252 
10167 14799 54768 4158 
10558 4057 1571 144 
9874 2567 66 26 
8624 3118 59 13 
702 7772 1175 204 
258 3816 292 26 
70 4486 151 84 
32 2262 181 99 
392 2414 288 186 
39 422 191 28 
62 706 170 78 
67 387 330 79 
59 155 433 23 
21 41 392 6 
33 69 184 6 
0 49 51 9 
4 37 54 3 
1 51 36 13 
1 60 7 11 
4 28 2 6 
8 0 14 1 
12 2 1 4 
5 2 7 7 
4 5 2 7 
2 1 12 7 
6 2 0 3 
7 4 19 4 
7 6 1 8 
5 3 15 16 
6 1 1 4 
6 4 3 9 
694 10235 12534 52433 
493 1918 5710 72990 
58 133 15132 68618 
52 74 18544 69352 
5844 1022 17428 70710 
6732 124 11830 70517 
9717 545 20449 69791 
10606 533 22285 69450 
9566 2939 12955 249 
8115 5762 444 9 
8597 4603 110 6 
10422 4627 122 130 
131 5078 60 87 
71 2896 23 83 
16 4428 17 40 
16 2012 30 1 
60 374 177 71 
8 105 138 98 
45 170 177 67 
59 41 363 77 
11 100 357 1 
21 2 313 8 
8 24 96 19 
1 35 14 4 
3 37 20 1 
4 16 3 3 
6 0 14 6 
5 7 6 1 
8 7 1 6 
6 9 8 9 
6 7 7 1 
7 4 7 5 
6 5 8 8 
5 4 7 6 
4 3 13 1 
7 6 6 8 
7 3 9 13 
8 4 10 10 
8 8 5 3 
570 534 18 76045 
207 454 9195 73305 
20 43 14447 69963 
14 34 17612 70668 
9694 18 16658 68411 
8722 660 9119 66376 
7945 146 16244 68661 
5783 3099 47151 43447 
7205 4804 8017 68 
8564 5738 345 17 
8695 5072 367 14 
4977 2554 535 311 
265 5746 4 92 
317 4853 8 41 
8 4507 47 56 
116 1293 176 16 
6 6 24 5 
12 50 168 32 
24 85 390 6 
19 12 342 19 
0 24 531 25 
1 110 167 3 
0 6 108 4 
1 1 11 10 
1 9 30 3 
11 1 6 6 
2 1 22 0 
1 8 2 9 
0 7 14 17 
2 1 2 8 
3 3 9 0 
4 6 5 11 
3 4 3 3 
4 3 10 12 
5 6 6 13 
4 2 5 5 
6 4 6 2 
4 4 5 9 
2420 5681 7754 6765 
180 634 1565 60738 
30 106 9658 72431 
26 108 14628 69712 
606 668 14982 70267 
6983 174 9862 68282 
7409 559 6692 69295 
10345 707 13498 67459 
8142 1869 46671 12791 
8412 11085 1540 492 
7371 5919 433 69 
8974 4776 1395 3 
1888 7670 401 63 
225 5347 195 7 
256 4438 157 2 
50 5005 22 32 
132 1655 15 157 
208 9 62 10 
228 10 120 0 
80 17 395 31 
184 56 279 19 
85 33 239 6 
51 102 215 0 
24 25 68 8 
21 14 10 15 
28 28 29 1 
11 38 1 10 
3 13 12 16 
2 2 6 11 
1 12 3 0 
2 13 17 6 
4 11 1 9 
6 2 9 4 
5 2 3 1 
6 7 7 9 
5 6 6 11 
5 1 4 3 
5 4 7 2 
7 6 7 12 
1644 2954 21134 26256 
31 1740 6295 61140 
53 156 10483 69775 
60 81 13454 70789 
4039 1560 18969 64944 
9190 108 15010 65552 
7374 437 10934 71547 
5723 794 15894 71118 
8346 16367 2123 2462 
8980 4219 1416 196 
8651 5806 395 11 
7083 5374 439 18 
74 6570 121 19 
342 5229 16 116 
7 5013 362 21 
4 5843 415 20 
166 722 109 24 
197 4 32 19 
54 16 94 34 
80 69 209 40 
143 61 302 42 
28 51 127 18 
5 175 70 8 
1 122 6 0 
2 83 27 13 
6 9 5 7 
0 0 10 0 
12 18 5 9 
4 1 7 0 
3 3 0 8 
2 7 10 11 
2 10 2 4 
4 6 11 2 
5 3 2 8 
7 5 6 5 
10 2 6 12 
7 3 8 9 
5 3 4 3 
6 4 6 6 
2119 8156 6351 61667 
138 414 14503 65277 
108 275 11262 67629 
93 176 12851 70802 
7357 279 20334 67931 
6791 129 21394 66223 
5802 361 17171 72214 
7132 1259 20546 71814 
6819 3720 19902 114 
8872 4841 353 62 
8352 4051 349 84 
8985 4231 301 13 
118 5511 78 184 
477 4188 211 165 
62 4940 248 209 
90 6071 181 223 
11 599 12 11 
107 124 26 115 
65 203 55 61 
55 131 90 1 
109 37 81 9 
51 62 67 21 
40 133 43 7 
29 123 28 11 
19 39 12 13 
6 5 28 13 
16 13 4 9 
14 14 6 0 
8 1 6 4 
10 0 3 11 
8 1 7 4 
7 9 2 2 
9 4 10 7 
4 3 2 7 
5 2 7 5 
7 7 6 3 
5 3 5 9 
6 1 7 11 
53 43 53 62 
16 50 288 70570 
37 87 18786 64757 
98 103 13772 67304 
41 224 11838 75013 
9528 344 18835 69625 
7693 0 27257 67150 
7340 385 20643 70763 
6621 2092 4143 38075 
11442 4551 11204 160 
8374 6405 361 108 
6510 7016 838 100 
2514 2198 79 46 
514 6333 114 82 
207 6206 245 27 
88 6476 323 189 
43 3890 50 171 
91 546 77 162 
148 122 14 24 
68 195 11 19 
204 222 90 43 
126 137 50 17 
55 180 62 18 
20 168 75 10 
12 102 12 6 
12 33 26 15 
6 9 6 10 
0 11 15 4 
5 11 5 2 
4 10 8 4 
4 13 14 5 
7 13 2 10 
10 9 10 5 
13 2 2 3 
8 5 10 6 
5 3 1 5 
5 5 4 6 
7 4 3 4 
6 4 6 3 
1807 8010 12870 9393 
485 1222 495 68732 
9 37 15173 63384 
0 17 18368 62515 
1974 1189 15350 65097 
7113 367 15722 65515 
6268 290 22270 62537 
6321 529 25326 63047 
5530 804 75879 9160 
6440 1954 5498 673 
6241 6225 601 115 
7488 5441 376 14 
147 12927 544 113 
654 6638 83 113 
313 5648 339 47 
36 6650 222 63 
283 1987 268 266 
502 423 64 117 
156 332 112 61 
94 123 100 31 
161 119 118 9 
74 116 102 0 
78 273 162 16 
31 95 38 7 
19 73 9 3 
6 46 8 0 
2 4 27 2 
0 0 0 10 
2 4 6 8 
4 10 3 6 
5 8 4 4 
3 3 7 8 
3 1 6 6 
4 3 9 5 
6 6 5 3 
6 3 8 9 
6 4 7 10 
6 5 4 5 
4 5 5 2 
1015 3872 17414 29918 
40 1849 5278 52601 
35 138 10500 63032 
15 22 17503 62746 
4847 1732 19176 60742 
7276 114 18091 62668 
7295 353 16368 64423 
6566 966 23076 62297 
2548 10397 9324 1684 
6294 3174 1135 173 
6336 4981 643 30 
6607 5548 566 49 
1 6622 63 63 
216 4816 165 117 
40 4489 804 31 
147 6054 318 115 
125 1171 78 120 
304 210 21 37 
241 81 79 66 
162 50 30 27 
218 130 149 13 
73 165 35 2 
21 156 130 22 
72 133 47 6 
52 77 6 9 
17 33 35 5 
14 1 8 2 
10 3 10 9 
7 11 5 10 
8 10 13 4 
8 2 6 9 
3 4 3 2 
2 5 11 2 
3 3 1 5 
5 3 11 8 
6 6 2 5 
6 5 9 2 
7 8 9 5 
9 7 4 4 
1960 3794 2243 68530 
103 254 15175 61437 
25 122 11095 66544 
31 168 13136 67997 
8611 221 19437 65836 
8398 270 23481 59897 
7403 43 15189 66753 
3440 4151 20911 62327 
10181 5252 17631 89 
8888 4125 669 60 
7610 4453 777 88 
5008 2918 32 233 
366 6090 3 36 
734 4759 280 59 
137 5476 309 69 
4 5153 22 146 
200 413 45 83 
235 143 45 58 
54 125 23 26 
165 89 25 12 
181 77 84 0 
89 132 36 8 
34 110 98 7 
30 80 1 4 
47 32 29 6 
18 3 5 15 
14 13 7 8 
11 0 7 8 
7 3 1 9 
7 15 10 1 
5 8 2 8 
6 3 9 10 
7 2 2 9 
4 3 8 2 
5 4 4 3 
4 1 8 9 
5 5 2 9 
6 6 11 2 
476 614 674 631 
330 230 181 64708 
2 6 15965 60711 
6 23 15639 61036 
320 544 11260 70278 
6634 164 16402 64298 
6924 131 23706 60955 
6317 273 27079 60343 
6699 1970 39074 22519 
5431 9507 7725 882 
6290 6369 655 46 
6541 5704 702 11 
2117 9697 415 37 
219 7307 12 67 
247 5079 346 23 
135 6554 351 52 
21 3594 182 44 
119 336 10 81 
128 151 15 70 
47 58 111 30 
84 52 6 1 
86 30 69 13 
62 122 41 12 
67 79 57 10 
17 71 5 3 
20 9 17 1 
2 30 22 3 
1 13 6 10 
3 8 11 11 
3 1 2 2 
5 9 13 5 
4 15 2 13 
8 3 2 3 
8 4 11 13 
7 5 5 9 
6 1 8 3 
8 5 6 6 
6 4 8 9 
5 3 3 6 
414 6133 18983 15922 
105 1340 2663 55639 
61 157 10120 64731 
56 82 17748 62135 
1625 1688 20729 59950 
8720 123 14119 62753 
8343 210 14713 61261 
6608 195 23551 60621 
9613 2463 32421 4678 
5364 8661 3218 310 
8468 3721 387 50 
6322 4940 734 8 
238 7854 745 25 
507 3858 18 60 
42 3605 858 37 
41 5056 261 0 
323 1429 304 61 
282 100 13 15 
130 135 61 8 
70 67 48 33 
219 23 68 20 
24 51 57 20 
8 45 48 6 
26 40 16 3 
15 55 21 7 
1 62 8 4 
1 16 20 1 
12 5 1 5 
1 9 6 2 
2 4 2 4 
6 1 10 9 
7 3 1 2 
3 3 4 3 
4 4 4 7 
6 3 7 8 
8 3 4 11 
5 2 8 8 
8 2 5 2 
5 4 7 3 
250 8602 11758 41782 
181 1060 10682 58419 
27 107 11856 62753 
23 102 12381 63510 
6173 557 18690 59979 
7772 49 20302 57655 
5918 112 16549 61720 
5837 793 16177 59026 
6682 4217 19673 1144 
8768 6012 1020 14 
8027 4028 526 134 
9030 4102 704 2 
83 5695 2 114 
394 4216 182 169 
221 3210 663 14 
73 4213 107 72 
19 347 222 135 
290 39 36 29 
170 20 12 28 
96 2 107 5 
170 22 80 14 
49 8 149 14 
4 3 96 4 
7 22 27 1 
11 21 46 10 
11 35 35 2 
14 1 6 4 
6 2 18 2 
3 12 3 5 
5 9 4 10 
5 9 10 2 
13 3 4 6 
8 0 9 5 
4 6 11 3 
7 7 4 10 
7 7 8 11 
8 1 7 6 
5 2 5 2 
5 5 4 13 
764 1226 354 67512 
4 1 17088 57033 
29 37 16619 58055 
66 236 11884 63093 
8036 106 14956 62948 
7476 19 22810 58011 
6334 195 21666 57465 
8244 6562 5648 46474 
5202 4579 14664 718 
8009 4411 659 74 
5765 4425 711 131 
3260 2164 1544 136 
536 5615 119 7 
252 4988 319 48 
206 4142 302 20 
167 3420 501 19 
140 18 43 44 
168 17 36 54 
99 23 76 36 
152 39 160 0 
98 26 103 21 
91 21 115 16 
10 58 190 19 
3 68 4 6 
2 21 86 5 
5 15 7 10 
5 12 27 9 
8 13 1 7 
7 18 11 3 
4 15 14 2 
7 11 6 4 
6 6 6 9 
6 4 7 5 
8 4 5 4 
7 3 3 5 
7 3 9 8 
6 7 11 11 
6 5 3 11 
1718 3157 3879 3562 
154 104 433 56867 
72 125 12507 57819 
36 66 19187 55294 
615 1013 17237 55489 
9387 480 13240 56399 
7595 0 19077 54677 
7482 173 25409 53600 
2353 5220 70399 13848 
6501 13257 6613 853 
7138 6619 958 98 
7116 6005 565 3 
993 15446 472 82 
434 6597 19 157 
250 5125 313 15 
24 5889 67 25 
33 3339 297 36 
227 127 9 33 
116 11 42 1 
40 26 75 4 
82 36 98 13 
49 23 31 5 
23 66 132 3 
24 18 26 0 
21 10 20 7 
2 29 10 5 
7 39 16 4 
11 13 6 5 
14 11 7 12 
12 0 5 5 
9 4 12 1 
5 5 2 10 
4 5 9 11 
8 6 5 4 
5 5 5 2 
5 3 9 5 
5 2 5 10 
3 4 3 10 
4 5 4 3 
863 3344 17411 15541 
14 1869 5669 44372 
36 117 11500 51450 
93 148 12606 50485 
3109 1032 19234 48726 
7388 83 14433 46051 
5443 20 11513 50487 
5893 311 13208 49285 
13567 1327 2844 3219 
10917 6320 1537 212 
6683 5525 875 120 
8118 4253 225 79 
110 2988 14 302 
213 3110 55 262 
65 2908 345 89 
83 2148 252 77 
208 87 219 74 
57 144 102 37 
23 33 24 22 
40 1 189 29 
107 2 42 3 
69 4 134 10 
64 9 33 2 
27 15 65 12 
2 10 24 6 
1 11 5 5 
6 28 13 1 
2 28 4 17 
10 26 6 6 
3 1 7 1 
6 0 6 8 
5 5 6 4 
3 3 5 8 
5 5 5 6 
7 3 5 2 
8 3 6 8 
6 2 4 9 
7 3 8 6 
8 2 8 10 
954 7578 6790 40873 
328 663 14309 49035 
36 58 15985 47928 
134 189 11289 50649 
6890 129 18382 45464 
8313 51 20133 46729 
7995 44 16909 50711 
7565 877 13387 51573 
9037 2998 16396 250 
7663 5357 1452 18 
7663 5068 342 136 
7151 5668 568 2 
160 6449 86 45 
276 4550 219 128 
64 3331 242 22 
12 3605 87 32 
69 65 118 87 
73 6 68 18 
18 37 36 12 
74 80 289 5 
58 113 49 14 
16 41 126 11 
21 10 54 5 
11 16 37 4 
0 40 2 13 
0 47 33 3 
7 14 5 1 
8 7 9 5 
6 2 3 13 
8 11 14 7 
3 19 7 0 
3 6 11 7 
5 4 7 8 
8 3 6 7 
6 4 7 2 
5 2 3 3 
2 3 5 2 
5 4 4 8 
11 8 13 13 
329 224 6 57030 
68 61 14604 53119 
35 28 19855 50153 
56 168 16219 53411 
8840 296 10371 55824 
6594 89 15964 52465 
6776 8 18070 53975 
10967 8957 26109 30069 
10394 936 8340 513 
6539 4683 1127 8 
7890 3819 250 240 
4215 7676 57 20 
67 4279 95 131 
99 2198 76 89 
4 2839 205 34 
59 1829 356 53 
38 228 60 7 
49 136 7 22 
0 41 77 2 
34 56 107 10 
34 16 127 10 
21 36 49 2 
5 39 97 2 
0 60 0 9 
2 15 34 4 
9 48 9 15 
1 14 14 0 
2 16 0 8 
3 0 16 17 
1 8 1 6 
3 7 10 1 
5 6 7 11 
5 2 7 3 
5 3 6 13 
6 3 6 10 
5 7 7 4 
3 3 6 2 
6 3 7 11 
1643 5277 8024 6719 
203 968 2266 42566 
28 77 11446 52357 
20 94 14334 52332 
930 844 14075 51478 
7821 131 11715 49690 
6073 7 7613 52957 
7053 21 7486 52388 
14891 4427 11867 8406 
8976 1487 1241 660 
7741 3570 468 83 
8125 3372 158 80 
857 3414 117 189 
238 2875 160 100 
45 2371 239 34 
3 2044 36 13 
87 184 10 55 
67 299 26 9 
24 33 6 0 
10 43 113 10 
12 22 47 18 
10 37 126 2 
2 7 45 3 
6 6 82 11 
8 24 34 14 
13 21 21 0 
4 9 11 22 
3 2 0 13 
4 12 12 3 
4 17 2 9 
7 10 7 13 
9 3 9 7 
11 8 5 1 
5 5 14 3 
4 5 2 12 
2 3 11 10 
5 6 3 1 
8 5 9 5 
4 2 4 12 
1243 2633 14921 20317 
212 2863 7822 52190 
43 89 16040 45328 
74 163 10314 49034 
3461 2536 11082 46366 
7824 62 14911 45560 
8397 163 9777 49318 
10143 2 6072 51089 
2094 305 22817 2017 
6559 2466 67 169 
7740 4086 368 31 
9087 3652 159 61 
333 3026 276 48 
167 2411 113 111 
73 2057 141 12 
19 1259 17 20 
142 208 75 7 
38 307 4 3 
24 83 0 6 
25 97 47 35 
53 91 143 22 
28 14 125 1 
32 20 61 1 
5 34 60 21 
4 38 3 14 
13 20 22 2 
23 4 0 15 
4 35 7 10 
7 18 1 19 
6 3 17 9 
11 2 5 3 
12 2 5 8 
5 2 6 11 
6 3 1 3 
9 4 1 11 
6 3 12 3 
6 7 1 2 
3 4 11 9 
8 4 3 13 
1498 5483 4378 48999 
403 989 9404 53953 
0 7 17001 47663 
3 24 17043 50514 
8462 229 11493 55086 
6956 408 9227 51011 
6938 113 12615 52049 
6452 66 12630 50148 
9137 3607 10667 64 
7846 4493 278 131 
7417 3855 229 91 
7536 3530 194 128 
317 3923 118 5 
106 3303 145 53 
11 3199 45 16 
94 981 22 24 
49 445 27 22 
37 172 5 10 
0 126 89 6 
10 113 72 8 
9 40 106 42 
11 30 32 7 
3 3 109 2 
6 11 19 17 
13 23 49 16 
5 3 2 0 
1 0 10 5 
2 15 5 14 
1 16 1 7 
3 14 11 1 
7 10 10 11 
5 2 1 8 
9 2 15 3 
8 2 4 3 
4 4 11 9 
6 3 1 5 
4 3 11 1 
4 2 0 5 
139 140 158 155 
28 92 551 48985 
72 113 14625 50671 
90 225 10287 50928 
132 30 16182 53494 
7591 26 17953 50021 
7066 152 15426 51540 
9406 245 10229 56725 
5094 7134 13968 23183 
11517 9579 7121 299 
9931 3416 59 153 
10646 2961 0 136 
3520 8863 520 177 
356 4669 370 71 
469 4505 370 0 
28 3643 200 17 
145 2005 28 10 
32 324 115 5 
10 166 1 60 
7 72 6 72 
3 97 176 17 
15 49 66 4 
22 30 68 5 
18 0 82 5 
4 27 5 18 
16 32 44 3 
15 6 1 6 
15 8 10 12 
7 7 4 4 
5 18 5 13 
9 5 14 1 
8 0 2 2 
8 1 18 13 
5 6 1 9 
7 7 19 3 
5 5 1 3 
6 5 1 2 
3 2 12 5 
4 3 1 10 
932 6261 11923 9543 
641 2338 1451 60005 
40 60 18813 45900 
59 107 15201 47858 
1418 2101 8894 52800 
9173 279 15593 50026 
8723 82 21720 49126 
10982 36 20008 51981 
9172 9572 48427 5594 
10911 6378 2786 109 
8300 3318 67 85 
9865 3037 1 131 
1185 2073 168 158 
267 4194 588 18 
186 4355 234 11 
130 3224 204 30 
136 2203 217 16 
50 196 128 8 
49 168 55 16 
54 296 18 5 
50 243 107 26 
10 210 86 15 
15 44 40 3 
9 4 40 7 
1 59 6 16 
16 20 10 6 
5 14 2 9 
5 36 27 1 
5 16 0 8 
5 11 28 9 
2 2 1 3 
4 1 10 0 
5 3 4 8 
4 5 19 12 
5 7 7 4 
4 4 12 1 
5 5 4 11 
7 2 12 13 
4 2 1 5 
841 4586 13161 24781 
188 2319 5294 41004 
48 82 14382 46434 
21 46 18898 45808 
4937 1072 14290 46525 
8271 264 12455 49705 
7535 156 17230 50790 
9256 383 18379 48327 
18155 548 8801 327 
12037 3216 500 52 
10650 2899 161 143 
8650 3233 21 120 
40 3644 94 9 
341 2523 668 81 
4 3830 294 44 
38 1581 199 48 
57 659 522 138 
50 114 145 21 
33 169 2 0 
69 362 47 10 
38 344 100 33 
20 260 136 1 
44 26 46 2 
2 32 0 1 
2 56 19 3 
10 20 7 8 
11 43 3 0 
9 57 19 6 
1 41 1 9 
4 20 40 8 
4 10 28 11 
3 13 1 4 
4 10 13 3 
3 5 2 7 
6 1 14 12 
9 3 3 5 
6 4 12 3 
6 2 11 7 
5 4 3 0 
1670 2936 1138 60761 
75 312 17718 52664 
44 95 12578 58789 
26 156 13489 61315 
8808 7 19274 58152 
6086 119 16643 57760 
7656 260 11934 61856 
15309 1144 10923 52156 
5572 658 13734 313 
10432 1627 35 139 
11309 603 57 93 
9872 676 106 198 
39 993 611 41 
289 435 454 35 
34 403 469 56 
2 39 488 129 
295 380 160 123 
234 94 190 83 
213 201 13 0 
163 163 58 18 
99 203 7 6 
94 141 87 10 
68 59 43 0 
49 58 3 2 
23 51 11 13 
9 38 0 4 
2 83 7 16 
3 9 35 7 
2 3 14 1 
4 4 27 7 
7 9 9 8 
14 19 11 5 
14 6 9 3 
6 1 13 3 
5 3 2 12 
6 4 5 9 
7 5 6 3 
6 5 6 4 
1205 1571 1692 1426 
395 445 87 64905 
4 4 18556 58350 
8 19 17232 59209 
134 37 16678 67133 
7715 69 11559 60604 
7362 388 18088 56950 
11421 909 14187 58998 
13432 6287 30791 16703 
11006 1878 5848 478 
8881 1412 20 152 
9144 898 41 100 
3087 1725 374 72 
77 369 373 23 
80 179 307 119 
7 218 38 234 
181 16 164 139 
203 248 63 33 
397 151 47 12 
241 391 4 14 
266 356 2 13 
110 268 51 24 
109 35 69 8 
51 31 13 2 
4 55 11 1 
9 109 21 5 
9 62 20 7 
15 29 18 8 
13 8 20 11 
10 16 22 6 
8 19 34 5 
11 20 7 4 
11 10 5 3 
10 11 17 10 
7 8 3 10 
3 3 6 2 
5 2 4 3 
6 2 6 9 
4 2 2 7 
443 5102 19236 16815 
92 1794 2593 55726 
37 112 13021 65161 
18 38 19498 61455 
2290 2090 17994 62001 
8654 105 10054 65403 
6730 255 12712 64789 
8291 312 16890 63180 
7426 11950 24117 3441 
12747 1250 940 240 
10800 329 68 381 
10397 458 3 228 
1019 1246 1326 475 
195 98 502 50 
130 137 591 92 
20 177 165 87 
105 61 9 7 
141 381 91 26 
154 280 4 23 
266 279 10 13 
296 235 20 12 
60 176 69 16 
16 98 4 9 
42 13 28 15 
27 83 0 9 
16 102 14 6 
10 63 18 23 
5 61 10 9 
4 24 6 14 
4 24 39 10 
2 24 0 2 
2 5 17 3 
8 0 0 5 
10 1 10 6 
6 3 4 0 
7 3 7 3 
9 2 8 2 
7 1 6 9 
5 4 7 7 
337 8044 10545 35761 
141 1045 11249 45965 
70 159 10385 54601 
65 174 15523 53898 
6211 412 17776 54518 
5912 15 14483 53182 
8443 589 10678 53703 
11684 315 16045 50703 
9840 104 14947 213 
9205 1497 12 39 
10573 1533 148 121 
11029 1154 355 168 
223 775 203 142 
356 323 120 150 
78 762 203 150 
142 75 136 102 
272 300 83 49 
279 162 48 24 
184 193 2 30 
120 153 67 20 
126 178 77 7 
46 167 186 6 
6 36 26 1 
0 37 10 0 
11 37 1 4 
7 68 2 12 
3 76 38 6 
5 30 4 0 
0 21 36 6 
6 11 3 8 
8 0 21 9 
13 1 0 2 
8 13 23 4 
6 2 7 1 
5 0 6 8 
7 1 3 8 
5 3 8 5 
6 4 4 2 
6 2 9 6 
652 1042 181 54620 
124 265 15924 45269 
67 231 11725 49406 
47 92 16661 50321 
8221 73 21367 51883 
7674 24 16169 52649 
9822 457 14327 56284 
3285 1308 27275 38914 
12792 2404 15670 751 
10617 3759 364 233 
9674 3591 89 314 
5891 1205 440 693 
17 3496 267 37 
476 2448 17 51 
108 2521 249 220 
42 1114 286 98 
172 515 66 53 
121 504 51 61 
73 327 16 12 
212 282 208 3 
184 157 147 1 
54 123 181 10 
55 16 18 5 
39 0 12 8 
18 21 3 1 
7 62 19 9 
11 54 3 10 
8 8 26 5 
15 5 6 5 
5 10 26 1 
12 21 2 3 
8 6 11 7 
8 1 0 9 
6 1 17 2 
5 4 0 2 
3 3 9 6 
5 3 5 4 
5 6 6 4 
1784 3424 4547 3916 
612 1259 1651 45909 
51 130 16241 46916 
91 139 11474 49320 
1045 874 20644 53173 
7710 55 21526 52837 
6700 101 18376 56105 
9588 547 14445 57632 
17980 3398 1504 13237 
10034 1033 8901 1110 
9924 7090 971 181 
10879 4713 351 331 
3059 8686 81 49 
205 4905 38 47 
170 4507 23 29 
60 6094 22 24 
143 2800 31 28 
19 311 41 11 
30 434 87 14 
72 298 120 47 
71 247 505 6 
91 230 250 3 
39 185 362 8 
33 52 18 14 
21 37 51 3 
19 10 3 5 
9 3 23 19 
14 2 8 3 
7 7 3 4 
7 4 8 10 
2 11 3 4 
2 9 11 1 
4 2 6 7 
3 2 3 11 
5 2 8 5 
8 5 6 3 
5 4 7 7 
6 4 6 11 
7 3 9 6 
840 2648 14625 15536 
55 2645 7050 47479 
63 134 14566 45164 
57 144 10868 48515 
2798 2495 14684 46197 
8421 13 16046 47986 
9134 87 10721 50261 
10557 1091 8653 51766 
6766 4549 16725 2792 
10962 7376 307 348 
11437 5376 1194 178 
9622 5945 897 180 
295 12130 1486 46 
805 5190 62 125 
182 7205 21 31 
39 7593 30 44 
113 1578 142 2 
21 373 77 10 
59 357 54 3 
48 144 192 35 
78 70 267 12 
49 252 338 11 
24 174 300 14 
14 30 75 2 
2 10 47 4 
3 16 1 13 
6 0 41 12 
4 15 4 4 
9 8 4 10 
6 7 11 10 
4 3 3 0 
6 3 3 4 
6 3 9 2 
7 2 7 7 
8 4 2 12 
6 5 5 5 
8 3 9 2 
4 4 7 8 
10 2 7 2 
1383 7401 5975 40001 
211 455 13779 50511 
29 19 15918 48040 
20 79 10855 51819 
8234 583 12343 55219 
6141 158 13928 50956 
8060 101 10154 54267 
7975 773 7036 55215 
5727 1709 7277 71 
9132 6969 844 168 
9354 5999 798 166 
9827 5536 69 97 
71 5196 60 2 
204 4569 66 39 
66 7608 17 35 
274 6827 35 90 
131 437 139 17 
19 215 35 35 
3 239 103 3 
9 141 294 19 
32 111 372 12 
14 103 295 3 
28 32 123 3 
8 7 44 5 
24 4 19 1 
10 18 41 1 
8 20 0 13 
14 10 17 9 
10 0 3 1 
6 2 5 5 
3 3 3 8 
3 3 4 9 
3 3 11 4 
4 1 5 6 
3 4 5 10 
9 5 6 6 
6 3 7 2 
5 6 11 5 
2 3 1 5 
249 196 37 50448 
16 44 15845 45617 
4 39 16822 46653 
31 86 10631 50658 
8155 158 13069 55539 
7484 36 20543 50718 
8543 75 17709 54625 
4702 11156 6857 30848 
7911 5838 8258 182 
8284 3631 915 233 
9031 3593 507 227 
3862 1197 1598 103 
250 2998 56 81 
142 2286 38 15 
5 3107 73 138 
59 1737 171 62 
20 86 23 29 
6 8 108 4 
22 5 166 1 
10 45 81 3 
42 23 280 3 
23 28 74 9 
28 5 55 11 
7 6 2 8 
1 29 16 0 
5 12 5 6 
1 8 30 2 
9 11 2 8 
2 9 9 10 
1 8 5 4 
2 2 12 1 
3 3 8 11 
7 5 7 1 
9 2 3 13 
6 2 10 11 
6 6 6 8 
3 2 5 1 
5 3 3 5 
1673 5722 8703 6944 
586 1144 534 55722 
1 6 16086 45827 
21 29 16447 48972 
1160 1639 9268 53580 
7916 74 12991 54142 
6230 155 18282 52631 
7298 436 20127 54533 
14556 7908 58582 11352 
9067 5637 3896 539 
6923 2577 321 436 
8654 2227 123 237 
1049 3821 1464 215 
33 1835 103 95 
136 2559 112 72 
162 3905 63 82 
40 2618 184 71 
119 394 8 19 
166 228 86 34 
47 91 15 30 
131 74 151 14 
116 27 11 13 
115 8 64 1 
81 19 3 3 
20 25 4 16 
13 31 2 7 
9 13 13 3 
6 1 3 9 
4 1 7 7 
6 15 3 9 
8 10 4 1 
16 1 9 4 
7 3 5 10 
7 8 7 10 
5 7 4 4 
5 5 5 1 
5 3 7 9 
5 4 6 9 
5 6 7 4 
1650 3057 16386 23923 
105 3028 2931 55342 
23 30 15712 52832 
32 73 18276 55683 
3566 2246 12645 59724 
8017 204 8370 65169 
7655 63 15041 61467 
8680 225 16571 63818 
2606 4068 14618 2768 
10219 629 142 513 
8643 1150 177 396 
7822 1709 288 124 
54 3117 579 46 
340 2167 42 193 
23 1828 201 31 
10 3365 126 52 
173 1312 55 11 
149 289 13 46 
32 206 42 29 
137 180 9 3 
65 63 34 10 
48 24 64 2 
33 36 84 3 
75 30 34 7 
44 21 5 16 
24 12 29 8 
21 4 16 3 
7 4 10 4 
8 8 5 2 
7 2 12 10 
5 3 2 9 
4 3 11 2 
2 7 4 0 
1 5 8 9 
10 10 15 2 
3 6 1 11 
5 3 11 9 
6 4 2 3 
8 3 11 3 
2033 5825 3624 62186 
243 650 9127 63729 
87 278 14163 61201 
26 29 20318 60095 
9634 311 14305 68107 
7480 565 6335 67838 
6024 96 12573 69765 
4789 238 18453 64757 
6861 1130 9159 468 
7953 285 246 666 
7597 537 90 745 
7717 984 169 388 
77 1167 24 617 
155 975 584 195 
311 842 258 88 
62 2953 250 16 
33 951 59 18 
70 237 5 18 
23 160 15 2 
42 199 43 17 
120 61 1 29 
76 18 89 11 
21 20 46 0 
70 75 17 7 
29 34 59 2 
17 12 23 19 
22 4 35 12 
2 3 1 4 
3 0 27 2 
5 3 1 9 
11 2 16 8 
13 10 3 3 
17 6 11 3 
18 2 3 8 
7 0 9 11 
7 5 4 5 
6 6 10 2 
5 3 2 5 
259 253 283 261 
26 129 741 58255 
85 136 12324 62915 
92 154 10181 64281 
40 31 16557 64211 
7066 11 19568 65253 
7141 549 11730 69100 
8419 7 10340 72488 
4255 8337 29636 31214 
7072 3130 5030 598 
6536 112 54 831 
6337 355 66 644 
2016 763 209 533 
457 815 129 188 
116 868 189 41 
42 1124 180 127 
74 1914 580 49 
59 1548 153 17 
76 450 1 65 
127 186 20 34 
136 130 5 13 
114 73 36 3 
54 51 56 14 
118 41 83 9 
61 8 38 2 
39 33 59 13 
14 20 53 6 
9 24 5 2 
2 15 30 6 
13 4 22 2 
4 6 1 9 
1 8 22 12 
0 4 0 0 
1 4 9 3 
4 1 1 8 
6 0 7 10 
4 3 6 12 
6 4 3 7 
8 3 7 1 
784 8564 17663 12946 
251 2010 2814 72771 
13 75 15298 65093 
21 64 11276 68500 
2115 2213 15055 66398 
8026 42 19453 69169 
6513 538 16117 69423 
4621 35 12061 74515 
8459 10576 19137 11204 
5873 2303 2383 134 
6129 309 31 603 
6819 246 45 582 
163 1213 435 243 
215 692 190 192 
131 755 48 79 
181 1399 21 34 
63 1491 193 43 
119 935 66 8 
27 252 56 5 
55 278 4 5 
41 102 78 10 
65 68 16 17 
25 101 28 11 
27 34 105 1 
14 3 40 7 
13 44 32 2 
9 22 63 13 
0 7 18 14 
2 0 19 7 
9 5 12 4 
10 8 10 13 
20 10 9 8 
16 2 18 8 
15 1 2 3 
11 7 16 3 
6 6 1 5 
5 7 11 10 
6 2 2 3 
4 1 7 1 
368 7886 16384 39149 
267 2373 5001 73629 
5 26 15520 66047 
7 90 16126 67233 
4234 1270 11686 77465 
6292 229 11474 74688 
6097 55 16581 71471 
6650 1 17615 71608 
1992 1956 13050 2544 
6264 204 605 665 
5760 458 148 635 
5595 218 0 670 
71 372 65 323 
183 433 227 311 
36 772 42 54 
0 1369 189 40 
34 1013 47 15 
19 374 12 41 
79 256 16 18 
97 250 18 2 
90 42 34 7 
45 68 53 3 
27 172 137 3 
65 48 120 1 
29 31 33 15 
4 7 47 9 
0 7 6 2 
2 23 37 3 
6 28 10 11 
6 12 10 9 
1 3 5 7 
9 6 11 1 
13 7 6 5 
12 8 13 11 
8 4 3 7 
5 0 12 1 
3 5 2 4 
5 3 1 1 
5 2 9 7 
1437 3093 1415 80853 
147 286 8811 75938 
22 163 12882 74326 
1 7 17904 72320 
7296 80 15438 79666 
7503 530 8970 82107 
5671 177 15284 81141 
3000 780 28766 67564 
7121 1797 8795 798 
6735 633 65 703 
6042 220 26 594 
4682 672 228 528 
291 349 106 393 
107 152 159 86 
45 505 7 82 
72 753 338 39 
93 984 53 71 
75 406 62 43 
62 267 28 9 
108 144 36 8 
190 36 136 24 
97 107 130 2 
106 84 63 0 
81 26 109 13 
52 40 30 16 
18 11 88 0 
11 59 34 7 
18 23 0 4 
10 6 18 2 
7 1 3 6 
2 3 5 2 
0 5 7 3 
1 6 2 11 
7 1 1 7 
4 4 8 9 
4 4 1 6 
5 6 12 2 
7 5 1 6 
1285 1701 1962 1760 
217 574 1253 65260 
20 87 13525 68499 
40 117 9889 71407 
424 418 16976 73408 
6986 19 18813 72712 
5280 333 14779 75291 
4911 3 10285 77470 
7789 4114 3000 24485 
6297 2977 6020 20 
5950 325 244 497 
5785 461 11 601 
1278 671 179 631 
402 476 299 241 
74 494 112 76 
50 1153 167 35 
56 905 394 53 
38 852 118 30 
71 342 40 32 
52 137 183 11 
46 168 37 11 
102 63 160 3 
43 2 51 9 
56 38 111 16 
51 32 80 13 
22 115 37 6 
15 44 56 17 
10 17 16 11 
5 3 12 3 
1 0 16 2 
3 4 2 9 
4 3 17 4 
0 1 18 12 
4 2 2 1 
3 2 10 3 
8 6 4 10 
7 5 7 9 
5 4 4 3 
7 4 9 2 
281 5593 17531 14754 
307 3052 1921 70114 
49 34 18961 58034 
57 67 16396 59420 
1388 2056 9571 61480 
7660 302 12214 66683 
6173 217 16080 64888 
7288 12 16184 64987 
4732 6946 46776 8694 
8377 2308 2018 865 
5752 377 111 614 
5497 391 3 587 
0 2024 711 349 
373 560 12 219 
58 508 150 211 
55 1517 282 115 
36 803 794 145 
73 307 14 1 
78 203 74 50 
152 174 58 13 
183 52 107 4 
53 57 169 11 
35 46 33 6 
54 17 74 5 
30 7 35 3 
16 20 73 13 
14 36 13 7 
15 30 26 2 
4 0 35 10 
16 6 3 4 
11 5 22 8 
14 8 1 11 
9 7 16 2 
3 2 1 1 
3 0 14 4 
5 6 5 5 
4 2 6 8 
6 3 6 4 
4 2 5 3 
182 6892 9142 31152 
350 1780 6353 43304 
10 101 12687 48583 
42 47 19237 44031 
7235 163 11915 50966 
6828 292 8817 53250 
4732 61 11604 53508 
4914 218 15360 51729 
3090 2616 10672 784 
4316 329 223 877 
4813 756 120 606 
5295 832 15 713 
122 818 54 364 
53 729 41 96 
4 657 30 11 
4 2118 159 39 
235 785 129 88 
194 315 1 72 
92 288 30 27 
53 487 99 2 
137 151 47 5 
97 110 129 13 
76 94 112 6 
38 38 11 0 
9 50 45 3 
0 74 20 11 
2 35 24 6 
1 16 10 7 
4 6 13 2 
8 0 14 5 
13 4 5 3 
12 2 14 5 
6 4 3 8 
0 5 9 8 
2 6 4 4 
4 3 8 3 
5 5 8 8 
3 3 5 10 
4 6 6 5 
777 760 155 46109 
21 126 14948 41548 
56 166 10296 45402 
38 114 12262 43421 
8040 98 19101 44826 
8624 320 16433 47123 
6408 173 10586 48809 
782 4522 20912 35952 
7274 2109 8948 111 
4226 891 342 190 
4885 970 71 114 
3622 2740 466 182 
341 949 110 48 
170 1150 10 29 
79 1232 108 29 
164 848 98 18 
37 869 93 102 
89 401 14 21 
97 357 23 6 
127 426 33 15 
155 304 188 6 
81 164 71 15 
33 118 46 3 
22 113 35 16 
6 81 0 9 
5 27 64 2 
6 20 5 3 
13 0 18 7 
10 2 6 6 
5 2 6 5 
9 6 2 4 
15 5 10 8 
12 1 2 7 
4 2 6 2 
4 8 2 5 
4 7 8 11 
9 1 7 4 
5 4 4 9 
1262 2352 3074 2848 
600 553 237 49368 
33 26 17231 41260 
60 109 15611 42721 
887 1003 11369 49005 
6682 141 13064 48643 
6856 4 18802 47373 
4350 77 19348 48257 
13279 433 31450 12632 
4602 2373 5052 660 
4214 371 136 263 
5569 627 101 290 
919 92 110 172 
351 467 187 42 
207 932 60 32 
16 2023 58 23 
2 541 118 111 
115 752 118 61 
108 282 8 2 
15 211 20 6 
57 331 20 1 
79 88 159 15 
39 136 20 15 
34 95 58 2 
21 44 0 1 
21 36 25 8 
27 23 2 8 
29 15 9 4 
19 20 2 2 
9 12 7 3 
5 7 7 4 
1 7 6 5 
3 7 9 8 
7 2 4 5 
13 5 9 4 
8 8 6 8 
8 6 5 13 
7 1 5 5 
9 1 5 2 
1156 3274 18397 17148 
68 2445 2289 52931 
13 39 13189 57528 
3 6 17449 55590 
2261 1628 14257 56633 
8130 372 9592 62742 
7335 69 12259 60390 
5549 102 18889 59303 
1450 4142 21640 3546 
4664 918 1364 621 
5489 101 299 314 
5183 385 576 161 
194 2459 1364 42 
237 657 176 26 
0 507 6 42 
59 2155 120 38 
63 570 63 93 
46 613 62 19 
96 419 10 55 
38 442 3 15 
94 198 64 15 
28 32 29 1 
19 35 15 13 
40 148 34 16 
28 29 0 3 
7 34 34 9 
3 6 0 3 
0 10 10 5 
1 21 2 1 
6 8 12 8 
12 7 3 3 
1 2 2 5 
5 3 5 2 
12 8 8 10 
7 1 5 9 
7 1 3 1 
5 3 5 1 
3 2 3 7 
8 2 6 7 
1194 9085 7786 50924 
204 963 9678 59073 
31 176 9972 66507 
38 27 14738 62115 
6357 201 15540 66569 
7115 282 12085 69334 
5121 51 10449 71306 
4625 309 13989 69777 
3821 448 15661 127 
3754 261 334 433 
3317 323 148 158 
3940 403 4 264 
400 440 131 47 
235 437 111 46 
27 426 94 29 
23 1257 55 10 
180 618 81 54 
224 434 55 40 
99 410 40 14 
17 475 0 4 
241 187 47 9 
104 100 98 10 
55 104 20 1 
39 152 8 13 
20 58 1 15 
10 33 37 12 
16 1 0 0 
4 2 13 2 
2 9 0 4 
0 5 8 5 
5 8 5 7 
10 6 8 8 
7 4 7 7 
7 1 6 2 
6 6 6 6 
5 8 8 13 
4 7 7 13 
5 1 7 6 
3 1 2 1 
172 215 122 71217 
49 135 15990 65270 
25 87 10639 70244 
19 154 11819 70279 
7852 160 17505 72077 
7543 96 18541 72995 
6587 186 11843 74587 
1455 10939 5703 41037 
6433 875 11749 24 
3651 491 900 102 
4578 426 302 46 
3223 1063 686 257 
226 502 108 19 
43 983 82 1 
34 1079 18 1 
114 422 9 34 
50 805 44 87 
276 383 8 5 
121 546 18 18 
127 421 21 10 
162 182 55 4 
126 165 86 0 
83 33 5 8 
47 116 3 8 
17 78 9 13 
16 7 19 10 
11 4 0 3 
19 15 9 1 
14 19 4 4 
9 9 13 2 
4 4 2 8 
2 2 7 9 
6 4 5 6 
4 6 8 12 
4 2 6 4 
3 1 6 1 
5 3 6 8 
5 6 5 10 
2041 5892 8825 7377 
531 1047 566 73218 
8 0 16165 60424 
6 59 15714 60561 
1050 1259 8958 63753 
7969 319 16887 65174 
6790 63 21656 63801 
4391 44 18294 63799 
10239 2510 46455 13363 
6184 2802 3860 220 
4133 782 148 72 
4595 708 72 153 
599 301 722 7 
348 540 218 23 
29 1596 249 15 
26 2272 108 57 
10 507 23 6 
238 249 14 16 
199 276 3 48 
76 328 44 1 
122 376 111 12 
67 212 49 12 
79 349 5 9 
55 104 4 8 
36 130 12 2 
31 42 4 9 
13 20 0 8 
7 6 1 1 
2 14 2 4 
12 2 8 6 
9 1 3 8 
2 3 6 2 
3 4 4 1 
7 7 8 10 
8 6 6 10 
7 1 3 4 
9 1 7 5 
7 2 4 7 
7 4 3 11 
1623 3564 17976 25092 
54 3011 2735 63155 
61 103 15792 58762 
44 93 17693 57672 
3696 652 10381 65518 
5935 312 12423 68457 
5509 26 17097 65325 
5432 208 18278 65745 
6936 2116 21323 3127 
3912 2682 444 259 
4805 1044 345 194 
5033 1128 207 288 
483 2425 243 243 
131 1243 298 20 
32 2024 352 74 
55 1941 353 41 
282 702 128 20 
422 295 80 18 
260 210 58 12 
94 412 15 12 
134 225 106 7 
86 127 130 6 
50 171 28 13 
40 103 1 11 
33 110 14 10 
17 104 14 16 
24 27 4 0 
9 44 4 12 
7 37 9 4 
8 9 5 6 
6 0 5 5 
7 2 5 1 
5 3 6 8 
4 6 5 12 
7 2 3 8 
5 2 8 12 
4 4 2 6 
4 3 6 2 
4 5 3 5 
2250 7653 5222 69169 
269 957 7910 76087 
48 102 15731 70512 
16 22 17089 68156 
6614 373 10117 73852 
8599 540 10259 79803 
6066 89 13852 71250 
6125 306 14558 71595 
5987 1792 8437 92 
4537 3561 136 163 
3894 2690 489 105 
4148 3559 578 315 
119 2199 433 60 
276 1698 130 108 
15 3256 347 175 
99 2870 101 95 
69 199 24 18 
161 233 122 16 
125 202 57 17 
116 111 168 4 
87 190 132 1 
36 141 145 13 
5 101 53 4 
59 69 10 14 
43 42 10 13 
27 63 13 0 
10 55 0 15 
6 36 8 12 
3 16 5 7 
5 1 9 6 
8 20 5 2 
7 2 2 9 
8 1 9 11 
3 4 3 6 
5 5 6 3 
5 6 3 6 
3 5 7 8 
4 2 2 7 
119 150 170 189 
2 51 661 56315 
75 193 9486 63203 
